person 470.3312 208.9366 506.1527 273.4784 0.05031237
person 535.15 87.1997 559.5018 140.3892 0.03651959
person 390.7659 189.6828 412.9808 236.912 0.02795097
person 416.1327 200.9574 438.3604 251.9863 0.01915882
person 510.1807 204.178 532.7375 251.3473 0.01794492
person 586.5202 213.5869 609.523 256.8554 0.01721355
person 462.8336 132.9136 488.1715 187.5223 0.0155675
person 146.5334 207.4161 168.2043 247.2091 0.01327176
person 438.5176 217.7667 463.0906 270.9962 0.01223265
person 423.1068 210.8683 450.68 270.7926 0.01048895
