person 0.1269 223.0549 22.7968 275.8575 0.13272783
person 482.8004 210.8741 502.7173 252.1554 0.09161913
person 536.9148 200.1254 555.685 243.7905 0.02945919
person 379.3157 204.9473 398.2625 242.239 0.02708866
person 497.4614 204.238 520.1448 256.4344 0.0257128
person 480.2715 200.2937 597.576 256.5424 0.02260746
person 307.2411 200.1557 430.8159 250.1866 0.02231017
person 245.9192 166.4251 275.1766 214.5175 0.01788845
person 523.6401 204.4243 543.9117 248.4954 0.0154605
person 454.0802 191.6849 476.244 238.8197 0.01355785
person 344.5587 200.6558 398.1147 242.9588 0.01337337
person 363.3554 202.6123 383.7235 243.1936 0.01335701
person 370.8208 210.3866 391.9135 247.6392 0.01270454
person 329.7947 201.4164 350.0178 237.3453 0.01089736
