person 293.2557 208.0181 317.0838 258.1658 0.58243722
person 461.0292 217.0935 489.5182 288.3718 0.54228503
person 438.2689 205.0996 461.6158 262.5082 0.52819198
person 557.9368 209.7216 588.0914 278.1887 0.3767685
person 347.3446 204.1883 370.0486 254.9144 0.2746051
person 205.9554 209.7689 224.9767 246.6022 0.23205338
person 183.5808 198.7888 203.5677 243.6348 0.06872854
person 446.2388 212.2961 470.5446 277.9376 0.0545481
person 543.8448 209.647 568.2772 268.6388 0.04682443
person 194.0316 203.5394 214.3102 244.1965 0.02122972
person 420.5669 207.2573 441.9059 252.2957 0.02020594
