person 390.4477 204.5092 414.299 262.8164 0.66353458
person 554.8834 249.2062 577.7098 288.6805 0.09843544
person 498.7626 243.3295 522.1396 286.9826 0.0794667
person 413.3561 237.834 435.9376 280.3545 0.04653026
person 341.6494 209.9148 361.287 247.7798 0.04545583
person 361.9848 201.8687 382.5695 243.9723 0.03745393
person 617.534 240.9338 639.0 291.4028 0.01942689
person 353.6266 207.1889 374.4336 247.7192 0.01471191
person 145.4903 205.6077 167.1649 242.9706 0.01306889
person 125.4028 202.9521 174.5104 249.4803 0.01044557
person 131.7927 202.5498 153.7023 243.0184 0.01000116
