person 224.6777 212.9156 253.3294 283.2847 0.85151631
person 533.2294 210.3633 554.7508 257.5283 0.10066495
person 422.6442 218.45 452.3773 283.1347 0.08281124
person 617.1974 208.6535 638.753 264.387 0.04848766
person 33.4298 204.5028 61.7282 265.0755 0.03372917
person 466.6142 204.8865 488.0745 246.0401 0.02973703
person 450.1206 209.6806 469.229 250.5358 0.01554795
person 394.1128 204.3547 413.8406 242.8182 0.01417057
person 546.1782 207.107 567.6079 253.3436 0.01330514
person 111.3234 196.5581 135.1339 243.4205 0.01151871
person 210.9235 194.3919 267.4068 289.6616 0.01098142
person 528.0118 207.3768 578.294 262.1357 0.01097269
