person 580.6758 220.0112 608.9038 282.4472 0.7107569
person 489.051 213.429 511.7426 268.2762 0.62815714
person 521.8383 214.0138 541.2012 259.0069 0.42885333
person 458.7445 209.8796 479.4942 258.9195 0.35851347
person 507.1139 212.8071 525.7749 259.9314 0.30923668
person 442.8762 214.0682 461.0644 259.1159 0.13888104
person 537.1256 213.7928 556.379 257.8548 0.03460051
person 450.1702 217.4926 472.6648 264.6246 0.02141201
person 429.8366 213.4819 451.298 259.7684 0.02001403
person 470.1014 210.4734 491.1632 259.5945 0.01293522
