person 529.6587 209.0474 572.846 312.2966 0.81521279
person 439.6298 205.8827 464.6456 251.1226 0.15560056
person 410.1857 209.4437 430.4905 251.691 0.1415989
person 395.342 208.3017 415.627 251.2584 0.10591233
person 354.6221 197.7848 375.574 234.8384 0.09631044
person 79.3841 198.1318 101.8607 238.3906 0.03872164
person 361.3409 196.5773 466.2706 258.3215 0.03263929
person 102.4344 194.5706 177.2395 246.2622 0.02312645
person 104.0334 198.3007 126.3018 236.1996 0.0141292
person 25.6113 203.6108 49.5733 246.6586 0.01339014
