person 381.5345 229.3119 427.5456 369.2262 0.84076309
person 329.6702 237.6522 368.4315 358.293 0.65274781
person 356.3933 235.8677 390.0512 358.0054 0.59027493
person 390.9502 215.8302 421.8527 310.092 0.15898111
person 357.4861 213.9196 382.578 275.2152 0.04630788
person 333.901 208.0464 362.7193 277.9747 0.0446707
person 253.514 212.2306 279.0778 266.5028 0.0359438
person 402.0084 220.0796 436.8064 325.2571 0.03086663
person 351.3379 236.2657 378.6134 314.7273 0.02779501
person 384.9081 293.2445 417.4162 369.4615 0.02667667
person 311.363 211.3647 384.8596 334.5055 0.01402043
person 413.509 40.378 445.244 106.2882 0.01165801
