person 553.1642 210.8632 576.0768 266.8027 0.3207984
person 477.1257 214.2042 496.4776 254.1427 0.30879059
person 404.5524 178.9483 430.6779 243.5593 0.24740346
person 610.1703 213.4643 631.5274 265.7166 0.15794724
person 592.7724 216.3696 614.7671 266.2128 0.15307356
person 520.6417 202.801 542.8286 255.9843 0.03289362
person 488.2468 209.9266 506.3818 250.369 0.02205962
person 566.0265 209.7302 588.519 266.835 0.01669737
person 454.7442 213.8979 610.1959 270.6636 0.0163479
person 597.8566 150.3086 635.393 260.5291 0.01575734
person 598.5346 259.3923 625.4864 310.4392 0.01405765
