person 508.0112 214.6404 530.2969 266.8684 0.55914301
person 474.0319 216.1667 495.2762 268.3788 0.50819016
person 450.2416 219.3614 470.0414 266.1441 0.39087349
person 400.6287 219.8492 421.5826 264.4427 0.22164874
person 19.4683 201.9132 43.9821 253.4118 0.1658323
person 434.036 220.5759 453.8979 263.0058 0.08072672
person 27.5388 201.8189 149.721 263.2308 0.05405751
person 114.3948 206.5471 136.916 248.2312 0.04010406
person 489.685 214.5516 509.4446 264.565 0.03575533
person 598.936 225.4854 629.9113 292.7734 0.03548452
person 618.7665 225.5768 639.0 283.3578 0.02438405
person 414.8132 158.8046 439.8062 215.3533 0.02044882
person 129.0215 205.868 150.1366 246.0536 0.0196685
person 50.9018 207.2658 73.6976 247.0835 0.01890221
person 31.1768 202.995 52.7878 248.8926 0.01349245
person 416.9524 216.2706 439.0434 262.6998 0.01281036
person 46.599 205.5398 101.4823 255.1146 0.01255387
person 411.2036 214.082 523.685 271.5612 0.01102032
