person 98.1291 220.0864 126.8784 285.8226 0.81268221
person 200.2874 217.6982 231.3084 304.7912 0.76331079
person 222.4115 218.5895 254.1801 303.3648 0.76208687
person 396.255 225.9952 444.9202 360.5174 0.76067966
person 132.4231 215.8414 159.4037 287.0121 0.74869794
person 258.521 214.5991 286.1405 283.862 0.73513073
person 153.9544 232.967 215.3808 374.8062 0.71465677
person 339.0184 228.1917 381.088 334.1756 0.70263666
person 564.977 223.6193 594.5128 302.7714 0.68498254
person 493.6487 218.092 514.383 270.7568 0.627011
person 546.2303 227.0756 571.3011 298.7064 0.55600083
person 469.6126 211.3853 490.6821 261.5297 0.4883979
person 47.3831 212.9912 72.189 273.4252 0.46477592
person 528.3097 219.802 548.9854 277.4746 0.46112907
person 11.9451 211.2214 38.1476 274.2619 0.37343156
person 32.2302 214.0318 55.4833 273.335 0.3243863
person 513.4861 216.5281 532.6226 269.5871 0.22827734
person 76.8244 207.7638 97.7065 261.4109 0.2088508
person 537.2178 225.4983 560.3108 290.1253 0.16323343
person 400.9892 230.5793 431.1995 313.4852 0.13121071
person 484.2276 214.6363 504.6276 266.7325 0.10674033
person 502.7354 219.7488 524.8952 270.6973 0.08350834
person 171.9794 215.918 198.0777 283.0975 0.08292675
person 153.6416 215.2654 177.5262 279.947 0.08082786
person 580.2141 219.4374 612.0026 306.3804 0.06544241
person 67.372 208.21 88.7839 264.6826 0.05315049
person 86.9269 212.5388 113.1675 270.7202 0.05286792
person 122.8476 214.3145 147.7458 278.8236 0.04960399
person 414.8847 271.5298 452.8674 360.288 0.04214751
person 616.369 204.2078 638.4112 268.9162 0.02958028
person 377.1164 209.5801 397.9017 255.9733 0.02911253
person 112.6802 210.7374 137.2553 274.3918 0.01940846
person 173.8776 221.7721 208.2381 325.8354 0.01297506
person 348.1196 213.3772 375.268 272.4965 0.01204794
person 400.8095 278.0374 431.5986 360.1621 0.01064972
person 188.6824 218.0142 248.4747 339.9918 0.01024739
