person 182.1487 217.3152 214.1772 293.6543 0.88582855
person 392.0822 221.1244 433.9008 326.1217 0.83507317
person 223.056 214.819 252.6992 292.3278 0.82004005
person 137.5343 214.8728 170.5432 297.3614 0.81385279
person 543.2586 223.2724 569.9008 287.4226 0.81239814
person 456.5462 218.7939 497.3924 348.0051 0.73918194
person 53.8287 224.7191 96.4709 333.486 0.71705246
person 519.4713 219.6619 540.9253 273.2681 0.67647254
person 600.1609 223.0864 626.4954 285.8798 0.66528308
person 107.6102 215.3218 130.7186 277.0352 0.64097095
person 436.0432 215.6534 475.8892 344.512 0.60557604
person 266.4671 217.4761 292.4872 282.6988 0.57342064
person 499.4152 218.1669 519.5868 269.882 0.47450843
person 250.2092 222.0688 273.4917 283.831 0.38992727
person 359.7179 221.4222 381.0784 264.7312 0.3107174
person 24.4205 217.4671 49.6103 267.5402 0.15848428
person 79.9396 213.5884 105.2402 280.9986 0.12505341
person 166.4253 216.0061 188.2326 267.7468 0.10631891
person 576.81 214.3592 598.9219 270.5724 0.07618678
person 91.7258 209.6524 116.3959 277.1407 0.04029663
person 442.8132 280.6499 469.8564 346.2227 0.03813674
person 445.3846 210.3116 471.59 273.1975 0.03396611
person 463.126 279.067 493.148 346.3226 0.02928139
person 412.1521 162.7554 440.2734 229.703 0.0246058
person 116.04 220.5184 144.0756 283.4786 0.0244214
person 2.0414 208.4741 22.6212 252.3957 0.02428213
person 153.5899 214.4878 183.379 288.4914 0.02227046
person 241.4906 226.8037 264.0572 289.2197 0.0219997
person 470.8409 210.957 496.6717 286.546 0.0167689
person 349.4949 218.2468 371.9646 265.3204 0.01644858
person 50.4197 219.4304 81.188 296.9874 0.01594315
person 557.9911 226.9075 583.1522 280.9204 0.01470751
person 481.5673 212.0748 503.735 269.3302 0.01405571
person 47.7046 208.707 71.5286 269.0646 0.01301816
person 201.1673 207.1787 232.5302 292.1153 0.01180932
person 127.3593 215.0613 155.315 289.7884 0.01168893
person 69.2687 223.5583 125.6118 343.137 0.01167801
person 589.8184 202.4838 619.2862 275.7973 0.01083927
person 408.3301 233.7147 449.3996 341.2068 0.01057738
