person 520.8432 212.5953 542.7934 261.0704 0.46073934
person 448.7926 215.5819 468.8896 261.8441 0.38275677
person 581.3481 219.2287 616.1604 297.388 0.343638
person 598.969 220.9662 627.3744 290.0035 0.3239432
person 472.444 217.1466 493.3938 264.8293 0.30671784
person 498.506 210.7298 518.075 256.0989 0.17588824
person 397.8614 217.777 418.2214 261.6831 0.13130799
person 507.9403 211.5923 527.4624 257.8053 0.08969992
person 428.2548 219.9777 447.921 259.8385 0.08200965
person 112.265 202.7701 139.1007 254.9549 0.03815491
person 457.28 211.2637 477.5084 262.9666 0.03302165
person 489.8654 214.1953 510.5874 261.7782 0.02649773
person 433.1286 209.7412 550.056 267.6703 0.02474247
person 40.2785 194.2922 101.0136 252.3096 0.02023327
person 408.5569 213.6249 429.0856 260.2499 0.01900695
person 18.259 196.2742 46.9184 250.3125 0.01808278
person 39.2846 197.3077 63.2439 246.0867 0.01422629
person 80.8964 198.8643 105.5046 248.122 0.01375792
person 412.3498 157.5395 439.5743 216.929 0.01091021
person 604.7908 289.2082 639.0 473.7322 0.01053392
