person 272.5091 214.5102 299.0292 273.4943 0.8016479
person 123.3028 220.9428 150.2222 282.714 0.66236997
person 107.4776 211.166 128.4307 261.5556 0.3346093
person 442.8205 215.8548 465.7841 269.1668 0.22841486
person 86.4571 213.9377 109.3744 265.4014 0.07864247
person 112.9714 217.6076 137.7529 276.8802 0.06277404
person 67.988 202.3949 91.7594 255.8394 0.04146289
person 349.7154 208.654 474.8564 260.7564 0.0391069
person 378.2168 213.9718 397.2957 248.6478 0.02581655
person 541.3304 206.1102 602.9872 354.4651 0.02508095
person 368.0103 208.9732 425.5528 251.1832 0.02458923
person 452.7447 216.4134 476.1026 265.6466 0.02351476
person 402.261 210.2488 420.6266 247.8365 0.01827454
person 417.6109 206.9124 437.7736 249.6306 0.01493581
person 610.452 226.0196 635.2742 283.3976 0.01172336
