person 561.3062 223.3286 597.0178 311.5951 0.71475148
person 390.5464 216.7455 427.3544 323.3794 0.69624579
person 164.0201 212.2441 186.4244 264.9934 0.5978505
person 362.3421 220.4211 391.7244 294.5362 0.55867004
person 280.5444 216.1676 301.0109 263.1712 0.54965806
person 592.7646 225.1504 616.573 283.5595 0.49557433
person 392.8445 239.1138 510.545 509.6626 0.48926812
person 509.6438 217.9979 531.9214 268.2064 0.48183909
person 303.6554 262.0644 413.3728 511.0 0.42594939
person 263.4236 217.1536 283.5815 263.462 0.38422188
person 468.2047 218.9144 489.0474 266.9936 0.31692716
person 304.5472 217.781 326.3088 260.6428 0.22335808
person 496.7536 221.6789 516.2687 267.6465 0.21423773
person 82.9057 211.3866 120.4948 283.1507 0.21215029
person 349.0623 215.1808 371.5214 267.4236 0.1314889
person 425.9846 217.3314 454.3054 288.3583 0.10660173
person 483.2261 222.9183 501.4746 269.0462 0.0668073
person 45.4692 199.623 69.7589 247.8968 0.0654738
person 413.2264 160.6934 441.9062 224.7571 0.0579196
person 380.6763 219.5014 409.5076 303.6411 0.0318483
person 578.0702 227.5712 609.89 303.7493 0.02768453
person 342.9552 261.3939 381.1625 350.2487 0.02587246
person 413.1195 211.9639 444.7701 308.6159 0.0237617
person 35.9124 198.1489 133.631 267.9805 0.02035131
person 617.6582 220.7601 639.0 282.6247 0.01574374
person 458.3376 214.8828 532.4376 270.7981 0.01462081
person 554.3131 219.0432 583.6856 287.3945 0.0136188
person 66.0497 206.4763 87.9473 248.8892 0.01258333
person 435.4106 210.1929 459.1513 264.5962 0.01233103
