person 552.9372 219.0925 577.7302 282.955 0.76384652
person 252.8776 216.3992 275.0658 263.299 0.38646671
person 60.9234 213.1148 89.49 272.9992 0.35059863
person 25.5774 212.8883 48.7729 268.5782 0.3355855
person 452.6941 212.6224 471.0971 258.1842 0.31962156
person 283.8277 214.9521 307.883 261.0002 0.28753182
person 563.7105 223.0922 587.2444 281.5267 0.22442093
person 0.9074 219.8734 23.0255 271.4216 0.20220287
person 491.6608 213.8964 511.1282 258.359 0.19821085
person 467.669 211.013 485.234 257.316 0.1741035
person 483.9573 213.6404 501.9444 258.8097 0.13148494
person 10.6586 213.8648 33.028 266.8894 0.08968119
person 592.6026 207.7594 617.242 264.272 0.0480675
person 440.02 212.07 530.7782 264.477 0.0353287
person 34.3184 208.3366 59.4913 264.4913 0.03232041
person 76.2937 214.4377 101.1446 271.2928 0.03074285
person 474.4254 215.0856 494.4258 259.2409 0.02782051
person 412.4356 162.6475 440.3552 228.3396 0.02417998
person 8.5704 211.1252 83.4346 272.2038 0.02379032
person 293.3882 203.7421 316.5452 249.802 0.01163471
person 51.4432 210.915 76.164 264.8421 0.01145327
person 375.802 210.2578 396.7368 254.3518 0.01093093
