person 13.964 216.4248 72.1829 361.4306 0.78691661
person 343.3945 226.4804 408.8711 372.8609 0.76084834
person 128.4346 218.6415 153.2378 286.0294 0.75478333
person 103.7346 219.03 125.8319 280.5289 0.73044378
person 577.6253 222.9761 604.3424 290.9467 0.67758918
person 235.1852 224.3137 259.6338 279.9667 0.67248952
person 599.177 222.6522 624.4404 287.3259 0.5862205
person 282.0307 212.8754 307.2279 271.1738 0.51461875
person 504.8656 214.6532 524.7025 264.3187 0.48501778
person 375.1589 211.3882 402.1709 277.2252 0.37951091
person 469.057 216.4453 490.573 271.1331 0.35359648
person 525.107 211.2483 547.4874 263.1362 0.3046273
person 300.3494 211.2176 326.7634 270.9387 0.26884085
person 490.0322 217.6614 508.5814 266.8807 0.2136343
person 57.427 203.8864 85.9035 280.1821 0.1670143
person 250.2929 227.1543 275.4017 283.2521 0.14882088
person 83.2995 222.3166 105.653 277.0673 0.13513286
person 43.4944 205.8866 77.8914 300.3647 0.08765741
person 26.9509 225.2464 60.6959 314.3752 0.063458
person 412.2072 160.8788 440.3804 227.0444 0.05730625
person 512.276 211.0845 535.55 261.0448 0.02408442
person 70.5609 215.3446 96.1068 277.2232 0.02406101
person 458.0606 212.4378 540.3318 267.1894 0.01717434
person 462.1104 209.9255 482.6841 260.018 0.01592531
person 434.1537 212.5339 455.9682 253.8898 0.01336174
person 415.1441 211.4653 440.2502 261.3673 0.01191495
person 615.5802 228.6429 637.9646 290.3796 0.01150212
person 91.0627 209.0817 138.8644 282.619 0.01096078
