person 472.6159 212.1051 495.5344 269.5139 0.65228713
person 503.8126 215.4883 526.0164 266.174 0.61764425
person 441.4034 217.9918 461.9464 266.7202 0.48570287
person 53.0053 210.7672 76.5634 260.589 0.46602121
person 397.1494 218.1991 419.3213 266.2523 0.23071089
person 599.4435 224.4447 629.605 303.7738 0.2150206
person 422.4202 213.9602 441.783 262.3968 0.20568748
person 613.7756 222.3832 638.1672 297.183 0.09130856
person 409.3126 216.7813 430.3308 263.5116 0.04080511
person 488.8368 214.7217 510.9189 268.52 0.03005454
person 371.4126 207.3615 391.561 250.9358 0.02412777
person 414.9309 159.181 440.3962 216.3088 0.01632313
person 388.8601 212.9902 410.4469 259.1853 0.01607333
person 457.1332 214.4669 481.3781 267.655 0.01485248
person 397.2163 215.6689 477.6119 270.4604 0.01415714
person 73.0971 207.3068 94.203 256.3948 0.01240348
person 512.542 209.1184 538.9216 265.4098 0.01056433
