person 429.141 206.4429 449.897 249.3958 0.26270342
person 402.9246 200.6246 422.0672 237.6152 0.09214069
person 102.1953 199.3227 129.348 248.9423 0.06339233
person 135.0848 188.108 157.4628 242.2383 0.03227434
person 586.1954 197.6256 609.8114 246.3424 0.02161106
person 265.9142 187.6702 287.4295 233.8947 0.0192444
person 561.7438 196.4923 581.9958 244.3764 0.0183349
person 420.841 203.0865 440.8154 245.3231 0.01696343
person 152.359 192.621 173.1904 239.4006 0.01354234
person 529.079 201.9282 549.2171 245.9833 0.01267377
