person 566.7498 215.1006 590.5396 266.3875 0.66537488
person 490.5616 217.1652 513.997 269.9812 0.56030381
person 508.2444 211.5286 533.6147 270.6714 0.5051198
person 370.1995 215.4349 391.7364 261.5554 0.16519316
person 435.9226 201.8651 455.768 239.9416 0.05040193
person 615.8051 203.4637 639.0 256.2963 0.03098584
person 361.7667 196.7526 385.2063 246.7939 0.01533211
person 445.8842 199.0938 467.0534 241.9658 0.01478668
person 368.4819 194.8258 498.1246 245.3039 0.01115885
person 99.3246 195.5902 121.3808 238.7973 0.01091058
