person 554.0998 220.3336 577.7034 273.1421 0.69067007
person 52.9528 210.8308 76.6619 261.2619 0.55302411
person 473.1564 218.5618 493.8248 268.65 0.52810323
person 596.1731 229.9576 622.0797 291.751 0.50221431
person 504.2844 218.45 526.0754 268.0874 0.49443221
person 443.1824 216.7736 463.6442 265.9097 0.45963937
person 399.9596 219.4358 420.9794 265.1542 0.25477561
person 77.4992 203.6786 98.9134 255.0562 0.13799432
person 491.2068 218.6436 510.8167 268.9968 0.05952257
person 429.103 216.4973 448.9032 263.6551 0.0452987
person 409.1676 214.4724 431.67 264.683 0.03277244
person 385.9143 219.4768 407.5469 263.4902 0.03272493
person 614.9358 223.6433 638.4784 293.1856 0.03018395
person 61.3214 202.8803 86.3 256.3351 0.02522098
person 411.7088 163.5372 441.2281 240.1848 0.01742501
person 455.9936 217.7674 476.9194 267.7288 0.01675917
person 50.4443 203.1435 153.9898 269.5298 0.01347817
person 400.7181 219.0762 578.763 275.821 0.01195025
person 590.638 199.0745 622.5514 269.5022 0.01022263
