person 52.6582 210.2318 77.2817 261.362 0.5044663
person 434.5474 214.9255 455.129 264.715 0.31235236
person 396.91 217.999 418.3287 265.7963 0.28012863
person 595.1214 208.3625 626.0797 289.4805 0.23132795
person 419.9688 213.1248 441.1858 262.7624 0.04688151
person 408.899 214.4046 430.0192 264.9747 0.03833079
person 76.3828 206.9819 96.884 254.1768 0.03448759
person 469.5814 213.148 495.8464 259.6313 0.03188473
person 387.1799 216.1896 409.5318 263.1565 0.02612115
person 378.8772 210.6175 398.9133 255.613 0.02237548
person 444.813 210.0919 466.6746 261.0032 0.01649636
person 415.3554 159.7481 440.3266 216.3575 0.014567
person 271.8891 208.6423 294.3944 247.1034 0.01324637
person 42.5075 204.4262 156.4878 263.7068 0.01307564
