person 558.0726 207.5033 579.7224 257.203 0.34873343
person 595.4247 209.6759 615.1816 254.577 0.28195068
person 539.3396 206.2535 561.5124 258.0542 0.26894155
person 578.3658 207.4144 597.5031 253.2337 0.15116583
person 475.1994 209.4328 494.8398 248.9526 0.11955514
person 505.5775 207.0568 526.8362 247.4826 0.04097382
person 446.8358 206.5001 636.2194 260.6765 0.0349662
person 232.8734 229.2388 258.8179 284.1048 0.02480743
person 433.9798 207.399 453.782 245.1049 0.01943644
person 466.559 208.3943 486.2557 245.6181 0.0159067
person 605.4096 203.165 627.1268 256.7034 0.01285683
person 574.5287 208.0865 621.3147 257.6243 0.01240507
