person 465.4376 258.342 521.9786 479.5295 0.69276565
person 413.3995 246.5551 479.6318 462.3742 0.64125448
person 513.9908 239.824 578.743 457.3832 0.61382729
person 379.9983 221.8125 401.2776 269.0153 0.47499058
person 364.6572 215.2251 385.4706 263.6844 0.18272528
person 459.9574 278.6919 497.6458 390.229 0.0973014
person 506.8452 281.6601 544.1297 395.2866 0.08153377
person 451.8027 219.5361 483.9457 308.4378 0.08025344
person 440.3088 355.2918 475.7452 455.7262 0.04690257
person 259.3135 215.8876 279.8154 257.7716 0.04241583
person 514.2707 363.9749 562.3862 480.0896 0.03735839
person 409.176 279.7849 449.8722 386.837 0.03673508
person 441.9953 217.1909 494.9564 359.4056 0.02196553
person 480.661 286.3228 519.75 397.2382 0.02178185
person 448.6877 217.1293 474.064 273.1518 0.01665296
person 526.9234 253.7888 564.6164 351.1226 0.0126875
person 467.3444 237.597 504.2176 324.1081 0.01257487
