person 467.1206 222.1517 502.4974 309.9502 0.7521103
person 413.5182 223.2671 446.63 319.0748 0.60398442
person 435.2238 223.6276 466.4089 320.9237 0.56310797
person 590.8732 212.0216 622.9004 286.5104 0.18053845
person 448.158 221.7322 481.7786 316.22 0.08911378
person 605.5622 212.543 629.4882 268.7895 0.06046721
person 569.4052 223.8674 594.79 275.8944 0.060467
person 616.4746 213.4663 635.2443 258.0181 0.05044848
person 556.0238 224.6461 586.7323 290.3096 0.04582224
person 327.0412 213.3635 359.583 274.9756 0.04435626
person 266.8081 209.9948 288.9129 254.8147 0.03955789
person 1.7046 152.2136 36.8316 252.7774 0.0181443
person 553.0242 211.5768 638.7046 278.7276 0.0169845
