person 241.2233 214.9361 276.6685 306.1401 0.87592983
person 268.0737 213.9475 302.4152 307.0154 0.82323933
person 503.8237 223.0941 544.2588 321.6185 0.78974295
person 69.0349 214.4179 100.0155 295.5318 0.69735157
person 89.0089 213.0428 121.0535 295.7468 0.62731546
person 125.2587 214.9855 159.0534 292.7427 0.57332528
person 407.5974 221.1946 431.935 275.39 0.47566342
person 465.2154 203.3975 495.0681 266.561 0.21642631
person 143.1255 225.8093 171.3828 287.1524 0.027914
person 410.334 207.11 505.2444 275.9621 0.01743592
person 154.5632 230.7761 260.6089 295.076 0.01366825
person 337.171 222.4324 477.9493 275.439 0.0119449
person 201.0975 243.0697 222.1507 284.2981 0.011234
person 217.5888 242.0736 238.7572 281.6016 0.0109814
