person 466.6799 211.0642 491.3825 270.3277 0.74108142
person 532.5044 206.8473 561.2951 268.4517 0.37115574
person 433.7492 212.414 460.374 269.4373 0.36269861
person 574.6582 197.6444 606.0932 283.0957 0.31067818
person 605.1753 183.7781 631.1722 256.6163 0.10079692
person 116.5378 187.1376 140.1458 236.8658 0.07330897
person 446.8634 215.0246 469.3352 269.279 0.06786428
person 542.7898 190.6414 572.2588 270.7136 0.03659337
person 569.2278 188.143 593.1541 262.4786 0.03112065
person 282.9764 189.1138 302.2371 223.4016 0.01609485
person 551.1784 208.2804 583.4215 287.8089 0.01578342
person 73.5811 191.7148 100.2531 246.5382 0.01572064
person 589.2971 187.2081 620.3028 261.5901 0.01163461
