person 514.2451 209.6296 536.7012 258.9872 0.38988346
person 468.3044 210.982 487.8187 260.294 0.35108653
person 448.0302 211.5033 468.1004 259.0746 0.30520728
person 613.5626 204.0184 637.843 273.7586 0.29672384
person 491.871 211.5609 510.675 254.07 0.22710462
person 80.5681 207.8572 104.1916 258.9362 0.22601986
person 459.2609 211.0788 478.6138 261.3776 0.12377762
person 482.9916 212.0941 501.9501 257.2035 0.06694379
person 556.7316 218.9654 586.1892 275.5634 0.05650642
person 426.0992 215.212 446.4806 256.0769 0.05573073
person 394.2803 214.4774 415.7711 257.2014 0.05549962
person 43.1795 196.6046 65.1347 241.1067 0.04044194
person 436.1988 211.2906 455.3196 254.6184 0.03877185
person 436.41 208.2432 558.1938 266.7884 0.03706295
person 549.5394 210.2703 610.885 265.8294 0.03606907
person 408.3159 158.0155 436.4972 220.2314 0.02148
person 577.6505 216.2218 603.4436 264.5272 0.01588336
person 542.6131 225.2484 569.6629 273.652 0.01459851
person 36.3864 201.6376 81.3948 252.6868 0.01137375
person 25.386 196.9201 130.5609 258.2521 0.01089395
