person 52.5611 210.4715 76.0264 260.7878 0.57091379
person 594.6138 226.3667 624.9378 295.407 0.36388549
person 399.8364 219.0352 421.0904 264.625 0.21081811
person 78.0349 204.6262 98.8601 254.5301 0.14716473
person 592.6442 199.4936 619.3311 257.9838 0.05015114
person 614.2605 220.5201 638.7774 299.3864 0.04348949
person 461.199 212.2445 488.7644 263.8836 0.03615642
person 2.6586 165.7004 35.3967 249.1103 0.03535103
person 60.731 202.3145 86.0135 256.3892 0.02199082
person 408.4188 214.2189 430.7823 264.5279 0.02163681
person 413.1668 161.9271 441.2576 228.6703 0.01761645
person 36.7319 200.5677 147.2112 259.5905 0.01382956
person 269.7345 211.6344 293.8087 251.204 0.0105981
