person 543.3896 224.8495 580.6079 319.9901 0.78798538
person 585.596 220.6147 615.4615 302.1769 0.70429355
person 606.2726 221.4891 634.1234 300.8936 0.57829529
person 321.9674 209.5913 344.6097 263.7894 0.08030543
person 363.6489 65.1922 391.4819 128.9871 0.05071014
person 211.4051 200.5202 233.3784 247.1141 0.03881036
person 436.793 214.455 464.8785 264.8217 0.02472779
person 379.1664 212.4842 464.5452 288.1771 0.01686944
person 296.7969 223.6662 332.7624 285.7677 0.01217115
person 498.278 229.392 526.8754 276.9134 0.01176632
