person 473.9483 217.7329 494.7671 268.336 0.55326569
person 504.085 217.9786 526.2118 267.2014 0.5199706
person 439.7152 214.7332 460.8086 265.3874 0.47284055
person 600.5147 225.7424 627.7596 292.6138 0.42945492
person 571.6016 222.2069 594.906 272.2609 0.41278961
person 399.5974 219.7615 420.7811 264.9315 0.24180529
person 430.2001 212.7406 450.6386 263.1852 0.05990777
person 489.6276 216.9796 510.5789 267.7999 0.05488715
person 614.0069 221.5863 637.3466 293.86 0.0408514
person 377.679 205.7619 398.4914 252.5516 0.03744715
person 409.5405 212.8911 432.0998 264.3391 0.03517458
person 3.1456 164.0221 36.5222 256.4861 0.02873603
person 385.992 215.0484 407.6144 261.3683 0.02721495
person 412.5452 161.9374 440.7169 230.0717 0.02158274
person 112.081 209.0911 136.6524 257.4302 0.01429785
person 457.9998 217.1079 479.0875 266.3442 0.01408557
person 381.0521 217.427 520.0131 268.4832 0.01126037
