person 151.6204 217.5668 187.6884 303.933 0.83377224
person 99.6934 215.6166 133.0928 295.2863 0.75967872
person 32.4149 214.5845 67.5865 307.6966 0.75460845
person 384.576 222.5789 421.7459 311.0881 0.59359467
person 5.974 212.8107 43.9735 317.7458 0.5803206
person 316.0398 208.1969 351.0662 297.8396 0.14752862
person 546.7434 210.3346 610.2926 261.9567 0.13332544
person 575.8594 211.8072 600.6164 265.6992 0.09611682
person 376.8425 220.8707 405.3282 295.6856 0.04589175
person 262.804 216.2707 301.659 272.5614 0.03486985
person 562.7644 210.5531 586.0724 257.8802 0.02487644
person 334.4958 214.5201 361.0026 270.1033 0.01997081
person 583.82 297.543 621.567 389.7428 0.01637379
person 474.3265 208.0987 495.361 250.4672 0.01274718
person 589.3269 207.0056 611.502 252.9624 0.01069213
person 264.1396 212.2185 285.569 256.606 0.01066058
person 7.561 261.8183 36.6212 313.2778 0.01023115
person 119.6685 210.6022 169.7744 312.2403 0.01018592
