person 482.7502 208.8517 503.8504 263.5589 0.48047245
person 464.5959 204.8992 486.3552 263.7362 0.37042564
person 529.6636 213.404 550.0335 263.1206 0.33084184
person 512.761 212.0913 533.5926 262.9441 0.1949396
person 548.4964 214.7045 572.6546 268.1277 0.1874274
person 559.307 203.2839 585.3217 261.6696 0.11005696
person 517.1346 202.7448 593.0734 265.9824 0.02891526
person 451.55 208.2046 476.1743 259.411 0.02627395
person 0.7142 194.5192 23.7205 251.8921 0.02507546
person 535.6366 215.839 562.361 270.6266 0.02318602
person 580.7692 221.8308 606.5906 269.6087 0.02051806
person 378.045 210.1396 402.4162 263.4773 0.020234
person 161.3756 203.1266 183.3119 246.4787 0.01730965
person 498.4108 215.1153 520.3399 268.5417 0.01034983
