person 35.888 203.9502 69.0294 290.0309 0.76591283
person 0.0 208.6042 33.6987 305.3469 0.72410774
person 170.4875 202.2294 197.4488 262.3377 0.11563057
person 455.5294 213.8452 494.4843 271.2152 0.04202835
person 469.8066 207.2664 592.9674 264.688 0.02432211
person 22.3656 213.7259 55.9754 295.0085 0.02072264
person 548.7448 216.63 569.3267 257.6224 0.0187053
person 465.6342 213.345 487.2257 254.0712 0.01657393
person 480.121 210.5562 527.6942 269.5156 0.01254036
person 561.3042 215.1237 581.2354 252.0764 0.01071749
