person 483.2711 239.508 509.0625 294.3733 0.09546506
person 132.545 233.5114 150.3591 272.1012 0.05958645
person 164.5271 225.4572 184.0672 270.0099 0.04842271
person 72.909 220.864 100.2066 278.7828 0.03998411
person 557.8847 207.4983 582.7111 271.4181 0.02273645
person 146.9778 228.6556 165.4912 268.8258 0.0203818
person 86.7399 230.5256 220.7684 280.0238 0.01967311
person 123.0271 232.9895 142.6983 271.5056 0.01470641
person 414.9636 243.5665 436.3271 286.2 0.0139771
person 397.4234 175.6871 419.3302 213.923 0.01371482
person 499.286 205.1481 521.4989 251.738 0.01136352
person 154.2496 230.0064 176.591 274.6679 0.01106627
