person 441.0021 219.5508 461.612 267.6057 0.48389319
person 474.8527 218.4023 494.578 268.7261 0.43915564
person 51.9864 211.7288 74.9163 261.4852 0.43379614
person 497.775 221.3884 516.9522 266.34 0.37942472
person 596.5204 220.5227 628.6784 298.4824 0.36481783
person 411.6258 217.215 430.5664 261.9574 0.2553592
person 400.6424 218.2978 420.9294 262.8394 0.20101492
person 512.6198 215.1312 532.4536 262.8074 0.14892338
person 2.6536 201.7981 26.9297 251.6814 0.06222144
person 459.0211 213.5991 478.0722 261.7714 0.04839096
person 6.8176 198.7609 115.5577 263.591 0.03876725
person 426.2662 221.2482 445.061 265.0865 0.03875536
person 80.1799 204.9274 101.9723 255.5282 0.03511097
person 400.8394 217.3216 514.8102 272.8041 0.03046376
person 62.3278 207.8232 83.9457 255.9943 0.02072112
person 414.924 158.8267 440.4083 217.2352 0.01378268
person 377.9697 211.907 398.1043 255.3403 0.01217931
person 399.7422 221.0989 453.5024 267.1375 0.01197597
