person 245.6703 216.347 269.6666 268.5472 0.60183847
person 362.694 224.7588 383.911 267.3336 0.12221189
person 154.9587 216.6136 177.17 261.3738 0.0803383
person 502.2701 226.4422 552.3029 355.5179 0.05727822
person 139.7683 219.5341 161.7753 264.2292 0.03905161
person 356.9486 219.486 450.2075 272.6634 0.03480909
person 402.6641 221.8244 420.851 257.4851 0.02705845
person 422.9394 217.8214 447.0884 274.1003 0.02046104
person 92.9345 212.7923 189.716 261.2144 0.01615578
person 377.8103 221.5476 396.8789 260.5884 0.01302813
