person 452.0127 214.0196 494.7508 333.1626 0.85223925
person 413.3179 215.8363 441.2902 298.0494 0.64827043
person 382.052 217.5255 404.0154 264.7648 0.53503722
person 131.6915 212.3011 155.307 262.9024 0.49862346
person 316.4815 214.3492 337.3394 261.7537 0.46679115
person 594.0551 217.9662 623.3676 293.9518 0.39888018
person 506.0814 216.4542 526.1703 262.0487 0.35865211
person 295.1742 215.9784 316.8039 262.913 0.33540076
person 425.896 216.6761 453.4185 297.7196 0.30284986
person 337.1972 215.6014 358.5001 261.4839 0.30145046
person 606.8424 222.6309 638.0788 314.8958 0.16500418
person 480.6412 219.7639 504.1766 284.4242 0.15859538
person 306.4448 215.6408 327.3782 264.1332 0.10228838
person 412.3513 160.2488 440.8162 227.8458 0.0646787
person 43.2914 195.4629 67.8156 242.4299 0.05919597
person 515.5653 209.6353 538.5049 261.9125 0.05242083
person 81.463 207.2084 101.6294 249.2128 0.04799809
person 30.5663 201.5465 141.1728 261.0912 0.04116507
person 456.9043 215.3651 480.3814 299.5188 0.02781049
person 319.9166 211.5127 405.0821 269.3032 0.02690044
person 441.188 212.3824 471.5079 308.6544 0.02110926
person 456.3426 265.0707 484.6084 331.8656 0.01796032
person 404.9137 217.8821 429.0032 275.4715 0.01416095
person 48.0078 201.64 95.9938 250.8398 0.01214761
person 373.8949 214.932 394.8425 259.9966 0.01133422
person 596.335 247.8692 637.7 358.8649 0.01017724
