person 547.4684 206.788 571.1272 272.1685 0.76019216
person 528.3112 206.6763 548.5688 260.625 0.31080732
person 537.4981 208.5098 560.8542 264.5771 0.16925664
person 516.0152 208.0821 536.2392 257.9416 0.09002345
person 590.6524 219.9918 612.7694 271.6532 0.07491458
person 505.7035 207.0334 527.3012 256.8941 0.04460243
person 577.3852 232.6994 621.8021 336.3842 0.04358638
person 479.0183 245.2906 504.3025 297.7884 0.01717462
person 263.024 210.1785 285.0582 247.6732 0.01528583
person 448.0584 190.473 475.1462 252.2836 0.01295365
person 531.5678 197.8029 582.7586 265.1179 0.01179189
