person 554.1662 189.9341 579.8072 247.7244 0.46530157
person 490.1019 189.2768 513.988 244.1087 0.34136376
person 472.9602 192.391 494.1245 237.0282 0.12548774
person 24.9425 174.1034 61.1913 251.0508 0.06115377
person 290.0277 198.1 312.0026 240.6602 0.03986143
person 113.0544 180.0374 136.6232 227.3853 0.02435655
person 345.1278 192.8791 366.0283 234.2989 0.01824185
person 65.0511 191.0247 89.6692 241.22 0.01790467
person 406.6832 192.878 600.7104 246.167 0.01208711
person 509.2155 194.8449 563.3922 249.1839 0.01053664
