person 559.7008 210.2027 584.6864 266.9539 0.3995294
person 98.0891 214.1494 119.6966 252.5028 0.14193048
person 476.6374 188.773 505.3842 262.4018 0.0788753
person 426.8496 188.7767 453.4542 255.6101 0.03168575
person 196.8591 200.3899 216.8769 237.3381 0.02442597
person 607.4413 22.3921 634.7242 92.8417 0.0213335
person 451.99 188.1405 485.8984 268.9943 0.01935521
person 584.6555 202.2205 605.3972 245.9436 0.01860739
person 306.2443 200.08 326.1705 234.0437 0.01716657
person 568.897 205.9901 598.084 264.7292 0.01624366
person 501.3463 107.5014 524.4574 150.7049 0.01592729
person 4.9307 201.9593 34.4254 270.02 0.01512846
