person 487.0672 225.2102 521.1462 313.398 0.79090673
person 416.4936 221.5694 449.0492 308.9411 0.7391125
person 405.6428 223.21 433.5671 305.3923 0.39506415
person 523.5136 222.7824 551.7672 289.5666 0.3681857
person 375.6954 221.3293 404.3721 295.339 0.12341788
person 586.5186 215.2285 612.4938 275.5514 0.11588768
person 327.759 204.9773 360.3796 284.0204 0.09048841
person 269.0058 211.7226 291.2175 256.863 0.03783378
person 366.6074 225.6496 391.179 281.5968 0.02808793
person 595.5614 211.6202 632.8599 273.1566 0.02245897
person 550.959 210.912 639.0 277.9147 0.01699943
person 457.2642 210.8877 482.2 257.9022 0.01582053
person 610.5042 214.1142 630.9159 257.6692 0.0151678
person 386.1729 223.8198 420.559 306.8867 0.01408496
person 500.3268 215.8169 533.853 304.7966 0.01025342
