person 436.1209 228.7698 459.3017 282.8298 0.64744413
person 586.8371 220.9294 610.488 275.5657 0.6295827
person 410.32 243.6701 430.9914 284.0638 0.38316661
person 484.0134 232.8695 512.1668 297.8073 0.29553562
person 472.6295 206.2757 498.9662 274.3502 0.12007502
person 516.076 152.0958 551.9256 256.9412 0.04044408
person 488.5812 202.9423 512.677 266.4035 0.02553839
person 529.565 143.8539 563.1158 239.1333 0.02137461
person 377.3724 244.5226 401.4043 287.9947 0.01746641
person 506.7568 143.7575 537.9916 233.4161 0.01148352
person 426.6644 236.4558 447.9111 283.8352 0.01004141
