person 245.8194 216.2336 269.4853 279.074 0.75353748
person 570.9914 214.9959 592.5368 261.3465 0.30120116
person 431.4334 204.2584 453.3824 254.2715 0.20686004
person 511.9851 208.1311 534.5896 255.3961 0.04224542
person 155.1836 233.2978 182.3177 285.0781 0.03010541
person 123.1079 198.9428 144.171 249.018 0.02779022
person 554.3656 213.2311 574.3177 261.2074 0.02572551
person 95.9135 207.3139 118.4065 257.4364 0.02030951
person 218.0618 225.0246 243.4022 277.291 0.02002163
person 233.7406 223.7853 259.8655 280.5022 0.01881674
person 518.3716 206.1337 599.9032 266.4328 0.018437
person 481.0098 235.9598 505.8514 280.3033 0.01490469
person 412.0359 204.1532 432.6886 249.2528 0.01347306
