person 446.0094 220.0676 486.8525 320.0609 0.78350466
person 396.9456 196.3286 420.8109 250.3935 0.31116733
person 541.919 191.7433 563.9458 237.1824 0.14685844
person 579.3708 163.3791 607.4999 226.731 0.06562371
person 407.7542 188.0225 433.5142 248.7171 0.03923128
person 467.8976 184.4122 489.9571 231.6364 0.01961267
person 450.6645 187.6233 474.4811 238.2083 0.01857718
person 431.0391 171.8805 455.1914 227.0256 0.01770789
person 596.1631 247.2826 630.0829 327.1203 0.01300324
person 71.2327 192.2053 95.3975 245.1928 0.01193968
person 354.7284 187.8046 376.2144 228.961 0.01121787
