person 212.3346 217.3488 245.3636 293.9364 0.8620351
person 83.7591 216.5799 117.5434 300.7361 0.81187236
person 475.6524 220.6549 516.717 332.6268 0.81147087
person 255.643 212.8876 285.9609 292.8572 0.81037962
person 455.7564 215.7076 483.6712 287.8791 0.80824322
person 284.6953 213.902 313.2948 289.3968 0.74057347
person 392.1348 222.8366 439.1958 354.0366 0.73201549
person 584.8274 225.9127 611.0886 290.3417 0.66457623
person 131.3122 215.0751 155.1097 280.519 0.65486431
person 554.3537 217.3224 577.508 272.8612 0.63077176
person 191.2784 214.648 214.5858 266.4176 0.51444334
person 378.0172 221.014 417.8605 339.9494 0.50010532
person 154.6633 230.1238 182.9534 287.9666 0.45783082
person 112.0428 218.3715 134.2084 281.4878 0.30978769
person 25.8763 209.5191 48.7316 261.7688 0.26619631
person 270.2889 214.8774 298.0291 290.0546 0.22649243
person 41.8799 208.6474 64.0268 258.949 0.20830035
person 619.3266 228.5389 639.0 284.831 0.1485973
person 59.2725 208.768 79.9193 258.1101 0.06825053
person 121.5527 221.9838 144.395 282.4158 0.05327135
person 309.9272 214.7688 333.387 265.874 0.05286547
person 97.4239 206.9441 123.5602 284.302 0.02815095
person 0.0 231.6428 24.217 330.2323 0.02659834
person 564.9727 219.3356 588.6563 275.0089 0.02378231
person 478.5412 267.7859 505.6271 332.1835 0.02065189
person 141.5903 222.2859 169.6629 281.4013 0.02006404
person 445.7678 225.5879 493.9234 345.1946 0.01848982
person 76.1555 209.2497 103.5309 282.5853 0.01839768
person 482.6594 218.1362 506.6089 295.4077 0.01717386
person 198.574 217.8244 224.8598 281.3734 0.01715951
person 118.9478 209.8087 171.1052 291.3426 0.01544495
person 231.2814 207.3119 265.4538 290.8099 0.01315111
person 412.7677 162.157 440.1206 224.7108 0.01293618
person 404.3895 279.0371 435.539 353.1727 0.0127704
person 605.5736 219.8876 632.7312 286.8672 0.0117835
