person 339.1148 213.747 376.9448 319.5971 0.83536571
person 385.1697 219.0098 416.5134 295.4364 0.79527897
person 516.5768 225.8502 552.5994 313.128 0.75734538
person 195.2836 214.3696 218.3954 266.0913 0.64537781
person 454.65 216.7028 478.5221 270.1334 0.56703651
person 576.9165 221.7085 611.5807 304.236 0.53300261
person 318.8764 221.7909 345.1303 292.4057 0.49108434
person 52.1805 227.3388 181.7123 511.0 0.44419181
person 614.3253 213.5362 637.6046 280.5566 0.41853094
person 269.0416 215.8555 292.6333 261.8279 0.40089777
person 503.0228 220.8151 532.6338 304.7711 0.38790601
person 235.2312 211.8456 267.6003 277.7378 0.2392351
person 0.0 229.1079 28.5077 328.4169 0.07376511
person 41.352 200.4668 65.0694 247.0641 0.02952297
person 37.2617 204.3224 101.4467 254.5666 0.02932009
person 80.2975 207.1146 100.9843 250.7656 0.02725575
person 344.8388 259.2843 370.2811 319.5566 0.02310097
person 355.1604 219.988 387.9354 309.0053 0.02293034
person 501.2996 217.0964 522.3245 263.8172 0.02279731
person 412.5436 159.6594 440.8792 226.3537 0.0218133
person 0.0 212.8494 24.859 276.6833 0.01842816
person 446.0161 217.3069 466.902 261.3859 0.01459137
person 258.546 214.1974 283.499 267.7146 0.01350703
person 530.7818 212.6676 582.6848 320.7705 0.01306975
person 303.844 211.9659 332.2174 285.8679 0.0100499
