person 511.6638 204.4405 534.2964 253.2148 0.30386809
person 434.3996 204.4241 463.9022 277.1202 0.18918471
person 52.1 205.5978 74.1698 247.748 0.14205927
person 89.6114 206.0673 116.2218 253.2283 0.11553292
person 24.7922 200.9846 116.5477 255.345 0.04901414
person 33.8733 203.6511 58.4459 251.5898 0.0247854
person 70.9191 203.1563 95.7979 251.0526 0.02406569
person 522.2344 206.0149 545.7069 251.4969 0.01669926
person 445.9066 204.3564 469.4908 252.8796 0.0159932
person 608.2514 0.0 639.0 93.9519 0.01513458
person 346.7294 201.8727 416.0412 251.669 0.01386995
