person 199.7428 182.8827 222.9835 232.7189 0.03652218
person 593.7932 215.7185 630.7162 320.5552 0.03571792
person 523.2154 156.889 566.8811 272.0674 0.0301925
person 589.605 195.6602 620.4823 277.3641 0.0293173
person 38.396 181.864 60.8446 222.2835 0.02149691
person 446.3202 58.5509 471.7109 114.9275 0.02008821
person 139.6793 167.6742 165.2562 222.7978 0.01888534
person 461.7988 199.1762 487.7412 260.5052 0.01646489
person 233.5198 187.855 252.4781 225.414 0.01624404
person 183.4992 183.8717 299.2787 238.4866 0.01278842
