person 461.5837 212.2462 487.6172 268.3142 0.72861809
person 205.0921 211.9048 239.2894 281.2645 0.7143811
person 66.8402 204.2022 92.6746 266.3681 0.63713676
person 2.7382 214.6769 38.4409 295.7132 0.58917677
person 42.0727 206.7413 65.5872 263.9723 0.22103998
person 428.3351 209.2145 447.9054 250.2144 0.17070648
person 354.5163 207.5384 482.1315 259.0762 0.0647956
person 408.8752 208.2342 427.643 246.6501 0.05286596
person 379.5037 211.0018 398.9954 249.1147 0.04647629
person 506.7465 59.3113 537.073 126.3711 0.03218174
person 384.3535 209.2684 439.4504 252.454 0.02940554
person 22.4774 208.279 49.8619 274.1123 0.02652384
person 394.0964 210.3256 413.1517 248.8634 0.02496224
person 418.9483 208.4041 439.716 248.4608 0.02315182
person 454.1693 206.3581 476.6135 257.506 0.01165741
