person 435.7666 204.5104 460.1398 258.0308 0.37634426
person 415.2255 198.9588 439.4148 253.3076 0.33141872
person 473.2825 204.802 494.5094 250.4281 0.24455865
person 463.43 202.227 484.3076 252.7356 0.08343235
person 75.1696 208.8585 97.7959 249.0868 0.04998559
person 365.6687 199.1376 385.6802 235.6248 0.03899809
person 123.9426 203.5961 147.0217 240.7199 0.03053718
person 407.2721 199.6586 511.8817 263.4673 0.01376946
person 374.3823 194.3805 396.6471 234.5622 0.01244968
person 137.2448 199.5639 158.7504 234.141 0.01127574
