person 160.0958 212.288 211.4944 351.7744 0.77845699
person 567.7032 240.2217 636.5249 434.9346 0.68283546
person 205.3893 221.4501 255.2786 348.2218 0.49277973
person 437.7884 228.1459 458.4052 262.0255 0.10857068
person 177.8297 270.9177 209.7069 346.0358 0.09947362
person 495.6189 210.6602 518.6658 260.8588 0.05585741
person 180.5818 223.6928 217.4132 317.8544 0.05348774
person 565.7226 274.2941 606.9918 395.8559 0.04279881
person 235.6418 248.6078 268.4638 313.7161 0.02198467
person 448.1641 225.727 468.6462 259.5981 0.02164934
person 583.13 297.4426 621.9844 430.0136 0.01864836
person 537.3976 216.6945 563.846 272.2927 0.01838095
person 210.5094 222.6414 237.6662 269.3371 0.01063223
