person 312.5266 213.2445 332.985 250.6704 0.34854585
person 501.1117 202.8556 532.5864 280.2644 0.1235522
person 298.5586 200.0032 422.7908 252.2252 0.05024073
person 384.4878 193.9134 405.2219 241.7676 0.04327018
person 346.6542 202.7914 366.1946 240.5733 0.03078549
person 8.4983 191.879 41.3468 256.5261 0.02436572
person 40.081 195.0459 72.3052 251.4233 0.02364394
person 413.8699 156.6231 445.8074 240.0544 0.02349193
person 330.5405 198.2617 384.9273 244.4497 0.01279958
person 301.0499 198.6857 321.9684 239.045 0.01098967
person 319.3206 205.0514 340.4996 244.8014 0.0104592
