person 542.2316 217.728 566.1241 280.1463 0.79406816
person 484.1234 211.9336 504.9934 262.1629 0.50879467
person 569.3947 217.966 591.7408 272.1795 0.50521559
person 82.6598 215.6987 110.1918 271.3481 0.48171738
person 305.6516 213.7948 327.1582 260.1289 0.35140496
person 449.2424 213.0839 469.843 261.7421 0.32060435
person 51.2369 215.1038 72.7414 266.4906 0.30340841
person 35.8278 217.0153 57.4035 268.1764 0.30004838
person 459.5216 208.3772 478.5254 259.7099 0.18533598
person 17.3675 215.8348 38.9788 266.8852 0.16869378
person 590.7478 208.3658 615.1364 265.0834 0.06228923
person 474.3549 210.1855 496.0756 258.4742 0.04990393
person 6.0253 216.7882 31.0035 271.9506 0.04831537
person 376.032 208.9047 397.7749 253.485 0.02311603
person 554.7582 220.0386 581.2406 279.776 0.01630306
person 318.9092 221.2314 340.1482 262.9895 0.01529797
person 11.8102 212.5934 92.8453 268.2977 0.01454944
person 416.574 214.931 439.943 259.4863 0.01188184
person 412.6762 163.1263 440.4596 228.0483 0.01035784
person 420.8198 203.5958 520.1842 265.0843 0.01020693
