person 410.7365 201.9063 432.561 249.528 0.46227211
person 518.576 198.7165 541.223 261.8721 0.33306998
person 543.8167 198.312 565.3748 254.5141 0.32876921
person 581.8919 195.5552 610.2352 266.1175 0.30515295
person 486.1984 204.0674 509.6811 260.7314 0.22742094
person 475.0394 203.512 495.5686 253.6937 0.05485135
person 528.918 200.2647 550.6681 257.6726 0.03622379
person 380.2698 201.1019 400.4435 243.6138 0.02651129
person 413.8916 198.5543 513.8814 259.0057 0.01889414
person 447.8418 206.368 468.9512 253.049 0.0183759
person 506.2818 198.2699 533.6126 274.9688 0.01153644
person 422.0126 200.6952 442.6048 248.3006 0.01099947
