person 596.2638 230.1325 629.2531 314.7672 0.83648616
person 218.1474 221.1711 246.2894 292.9937 0.68371969
person 434.649 217.497 457.977 266.1002 0.56759304
person 573.3332 228.1104 595.0725 283.5782 0.45779514
person 206.8305 222.7193 232.3561 288.8274 0.35419598
person 1.9893 200.7389 23.3505 255.7402 0.28750169
person 373.7597 216.7242 394.0249 255.0182 0.24503358
person 39.6547 197.6081 63.246 250.588 0.21378277
person 17.8768 200.5974 38.5335 253.2126 0.21038595
person 178.7378 170.8986 211.6434 239.8476 0.08012157
person 472.3946 211.256 493.899 255.2751 0.02372473
person 9.9413 194.4437 74.6978 254.9378 0.01757843
person 580.5913 230.6752 606.4088 292.373 0.01241054
person 26.2762 200.6634 55.8343 264.275 0.01022209
