person 513.2619 204.4226 535.0698 254.1152 0.42777959
person 611.9847 194.0542 632.8938 252.3738 0.36509162
person 511.98 207.5234 638.455 260.5507 0.06023398
person 461.9062 200.7097 483.3798 250.7851 0.0598903
person 554.9704 206.5691 574.971 247.8532 0.03955208
person 588.4713 208.1473 607.2124 244.7565 0.03464126
person 424.1381 197.3749 499.8426 255.6419 0.02024896
person 3.3051 202.076 24.5676 245.9442 0.01852165
person 367.143 183.6582 388.5627 233.2274 0.01671125
person 177.0145 214.6693 204.6446 274.1901 0.01648476
person 442.635 202.8076 463.2679 249.5268 0.01503881
person 570.7788 210.5452 589.576 244.9885 0.01371191
person 557.9411 202.5164 612.7164 249.544 0.01185215
