person 454.223 202.8424 476.7668 262.5861 0.61691606
person 602.7868 202.5986 627.3708 261.4642 0.42313135
person 539.766 201.8524 561.6156 258.9149 0.33972195
person 520.5096 201.6527 540.7008 252.7113 0.25622931
person 401.7499 207.5453 422.2408 253.6235 0.24175306
person 499.286 206.579 520.6311 256.6567 0.22035734
person 436.788 206.2534 457.9282 257.5388 0.19688416
person 464.0909 201.4854 486.577 261.5853 0.18187813
person 530.064 202.5158 551.2223 256.2016 0.10061532
person 569.3782 207.8255 599.6104 289.1262 0.08427086
person 582.3874 204.8768 606.6882 271.0097 0.0358138
person 549.7946 202.4243 571.4161 258.6434 0.03521645
person 383.7849 200.9549 593.596 254.4191 0.0226409
person 362.39 210.328 382.2059 251.5023 0.01580371
person 2.1608 199.2122 25.5457 252.6551 0.01445159
person 561.7359 204.6667 586.0232 267.4104 0.01377508
person 350.0223 203.3306 474.215 258.3613 0.01240784
person 378.9512 202.4244 398.6782 246.6247 0.01071599
person 485.1804 198.3063 561.1788 255.2129 0.01028498
