person 402.3504 231.4517 464.3572 394.8984 0.84485626
person 153.2311 211.8689 192.3967 313.7594 0.7528953
person 122.7828 208.8576 159.9426 315.4107 0.68520552
person 94.2658 220.9502 132.755 320.4957 0.56157327
person 400.8735 219.5263 431.0005 299.4992 0.12655964
person 139.0714 212.9462 173.337 310.11 0.05169196
person 82.4019 215.6382 114.4331 291.0038 0.03383307
person 424.109 216.8188 448.705 277.7244 0.01666823
person 396.3767 242.1514 436.8422 335.5769 0.0164404
person 413.899 227.9528 447.7686 321.0896 0.01221649
person 417.5555 309.413 453.1156 386.6875 0.01184883
