person 557.3636 210.3473 579.4246 261.9008 0.47900581
person 542.2041 214.3698 563.576 264.5541 0.33367273
person 81.2974 204.4008 102.9891 247.9534 0.12394027
person 462.8101 208.5705 485.9652 256.1074 0.06333479
person 96.9728 201.3686 117.662 241.5163 0.03341568
person 71.225 197.3001 137.5093 244.716 0.01971583
person 450.3856 205.0362 472.6263 249.7718 0.01916556
person 369.1688 210.9342 398.7698 273.6966 0.01372769
person 383.7318 166.0442 409.6995 220.4916 0.01012681
person 419.3906 206.0366 484.056 258.4628 0.01004827
