person 605.8086 208.9203 629.6682 270.005 0.54207665
person 527.0413 201.6241 550.6474 249.1682 0.12064295
person 0.353 196.2835 22.5056 255.6296 0.07160609
person 532.1219 97.9261 556.5068 149.7209 0.06941187
person 575.3778 214.0764 598.741 262.335 0.05490358
person 94.5227 196.0527 118.112 252.8481 0.0508073
person 430.1958 207.1499 456.3387 263.4761 0.03267717
person 489.918 214.1871 511.1551 257.7454 0.02484922
person 464.09 143.1978 487.7289 194.91 0.02003098
person 404.313 182.9188 427.0013 236.8116 0.0188367
person 117.8893 197.6825 141.9293 249.497 0.01725265
person 460.2786 212.2579 493.9998 269.9573 0.01693698
person 186.7034 213.3217 206.676 250.9127 0.01425919
person 458.3488 204.1291 538.4126 265.3078 0.01289592
person 449.6906 214.985 473.9897 270.2125 0.01194279
person 493.2528 93.6636 522.1942 159.634 0.01092376
