person 427.2307 217.8979 449.0009 267.3012 0.54283196
person 57.5462 213.7302 81.7604 275.3602 0.54118174
person 33.0595 214.0792 56.9813 273.0272 0.53887105
person 526.6357 220.542 548.7638 272.9786 0.50531411
person 133.649 216.8444 158.319 273.2702 0.47424471
person 475.446 209.7704 496.1798 265.2809 0.4402968
person 92.5383 211.0354 117.5168 269.9067 0.42741945
person 515.8673 219.0851 537.1548 270.053 0.4114854
person 4.066 212.4855 30.2772 273.3433 0.23098427
person 584.104 208.939 611.905 272.5524 0.18075235
person 394.2903 219.766 413.9181 262.2978 0.14075704
person 614.5866 218.3546 638.6972 284.0257 0.08893217
person 487.4335 210.035 507.4154 259.9475 0.08372127
person 452.8904 208.032 470.7667 255.0968 0.06102358
person 411.5088 215.8171 430.8194 262.7107 0.04329952
person 440.0873 212.9211 459.9648 260.1298 0.03537995
person 378.6238 215.1894 397.5785 256.6839 0.03488508
person 460.8488 211.6517 480.9798 260.275 0.03348514
person 496.5305 210.3331 516.4796 257.4726 0.03023264
person 409.3506 165.8811 439.4452 238.4023 0.02754715
person 143.9805 221.5235 169.3818 271.3826 0.01957725
person 65.3913 205.184 92.0482 267.1727 0.01898434
person 41.6022 215.5679 70.7883 276.4908 0.01408037
person 413.8405 206.7764 523.7675 267.4866 0.01272606
person 1.327 162.943 30.0698 258.6703 0.0118055
person 602.0256 205.5654 631.6458 272.775 0.01047399
