person 588.864 218.5043 625.6774 327.7672 0.4558087
person 514.252 208.0498 536.8543 259.4123 0.3991043
person 543.6187 210.2948 563.5245 253.4438 0.17918228
person 225.1363 210.5464 246.1238 249.971 0.12152143
person 3.3893 206.2328 27.7202 263.2336 0.0937501
person 608.6594 222.9055 636.6407 318.2122 0.07067279
person 416.3018 193.5976 439.4654 250.7649 0.04655875
person 490.5326 203.6644 512.4202 254.8601 0.0378426
person 248.8494 205.2893 270.8236 248.6101 0.03204639
person 587.5282 221.2774 612.2894 276.6647 0.0227119
person 0.5691 119.6024 26.159 193.9565 0.02006487
person 552.8804 205.0523 572.3312 249.7109 0.01770466
person 69.4524 192.6834 95.817 247.0217 0.01638951
person 604.5675 270.598 633.4322 341.0326 0.01463079
person 561.7974 202.8536 580.5291 247.395 0.01057597
