person 524.9054 226.6028 558.6707 311.0097 0.58510762
person 73.5855 210.5523 99.4012 265.8869 0.57194382
person 472.2514 218.9976 492.7755 269.7113 0.49870005
person 602.0873 220.1406 635.3708 317.0012 0.4859862
person 432.7646 219.5979 455.227 268.7828 0.47926727
person 357.2436 219.5139 377.3451 263.905 0.23179099
person 397.2687 220.1158 415.6055 260.8979 0.20023137
person 580.277 207.0462 611.8462 292.7694 0.19393124
person 499.8294 220.2976 519.1988 266.0192 0.15017901
person 378.2989 216.3768 396.8018 258.0639 0.1339978
person 491.6132 220.4828 509.8674 265.3864 0.12064353
person 481.158 218.6325 501.3372 266.1259 0.06810704
person 369.9554 220.4978 389.274 263.0756 0.05276711
person 407.0728 221.3298 426.6816 264.6716 0.04987549
person 385.9584 217.8514 405.5069 260.5306 0.04913266
person 349.4129 216.6514 476.537 268.6106 0.04654885
person 412.574 160.7409 440.8086 228.1719 0.04190729
person 419.7178 217.1003 440.9598 264.7262 0.03004172
person 513.462 215.419 532.874 261.9941 0.02733356
person 3.3396 167.9976 38.4892 245.69 0.02245997
person 404.6309 209.4038 529.2334 269.6868 0.01873307
person 34.0053 195.7285 56.8836 239.731 0.01744336
person 17.1672 199.2673 38.4561 245.1739 0.01450105
person 569.9076 236.03 606.974 325.1828 0.01343977
person 462.1704 213.4241 481.8034 261.0862 0.0118443
person 443.4054 214.5878 467.3813 265.7882 0.01050847
