person 603.821 221.4661 629.943 288.8291 0.72317934
person 585.6083 230.4335 609.1656 290.194 0.69798106
person 529.3214 213.7644 550.724 269.8184 0.59348649
person 541.69 213.8212 563.5952 267.7066 0.45927089
person 512.7813 213.9528 532.6142 264.2378 0.35851023
person 421.4206 209.8668 449.6458 270.6263 0.06818165
person 464.2783 144.0308 489.0608 201.6815 0.06375098
person 0.2402 208.6792 23.0868 264.3928 0.05318776
person 70.5604 203.8202 95.114 259.9586 0.03876728
person 472.9922 226.7008 494.6698 268.9929 0.03684103
person 112.9116 228.846 142.3365 283.6346 0.02591809
person 499.7089 214.4762 519.865 263.5898 0.01629621
person 4.338 200.9833 107.756 261.6723 0.01339793
person 92.9902 203.3498 120.4564 263.1451 0.01136109
