person 500.836 217.1868 521.9902 268.0062 0.59128737
person 51.6829 207.7836 77.5944 262.776 0.57898587
person 474.187 218.1374 494.8484 269.329 0.5116477
person 442.665 219.1805 462.7662 265.8254 0.412505
person 398.2511 219.7404 419.7682 265.8919 0.33167002
person 599.5579 222.4996 630.397 305.7798 0.32026985
person 423.3578 216.9126 443.9416 264.421 0.18299577
person 492.4275 219.5222 512.4494 269.5576 0.11437374
person 510.6959 213.9828 532.6048 264.4612 0.07354207
person 409.5506 215.8668 430.5854 265.2073 0.05505861
person 412.735 162.711 441.1084 232.1424 0.03810129
person 75.7358 204.4276 96.7561 254.3193 0.03178048
person 374.8472 209.4448 396.7534 255.7032 0.02467911
person 415.8477 221.5901 461.1246 269.5394 0.01691865
person 616.0154 228.181 637.3446 292.668 0.01535817
person 387.7471 215.8042 410.3188 263.3194 0.0130924
person 383.309 219.426 516.4531 270.6773 0.01240725
person 457.973 220.5684 477.9453 267.9663 0.01217208
