person 196.56 164.9701 228.6908 240.7564 0.33531272
person 276.8124 199.2011 298.8945 247.759 0.32272953
person 445.3968 192.659 486.5381 282.3186 0.09050794
person 249.969 199.538 270.4746 242.8024 0.07419778
person 201.2562 196.0087 222.4138 238.1639 0.07002039
person 235.6307 202.1176 255.1483 240.6265 0.0567802
person 407.9048 176.8456 438.0248 250.0087 0.05322635
person 201.9665 195.876 396.0567 247.5408 0.02971228
person 343.0739 190.0818 362.9907 227.2822 0.01383429
person 224.4788 193.9568 283.9383 247.9484 0.01298247
