person 251.798 225.5741 276.8058 286.4522 0.75812638
person 408.6767 207.6505 433.3574 266.7226 0.22213092
person 375.7297 227.0632 397.784 273.0358 0.19486424
person 213.7597 164.5053 245.3884 255.2313 0.04825936
person 392.0604 115.4439 417.302 168.9952 0.04103688
person 241.0885 210.1219 266.8696 280.224 0.02499447
person 567.9558 332.1422 607.7044 433.443 0.02244299
person 485.9106 263.8156 511.3366 306.1545 0.01612804
person 444.5858 247.8776 473.6264 304.0863 0.01521618
person 230.413 227.1714 259.0689 302.2747 0.01399238
person 230.627 185.6923 261.3162 265.5974 0.01077425
