person 605.3948 206.8418 632.0757 274.0679 0.71336055
person 508.5805 199.2132 531.2976 253.2004 0.23007067
person 46.9292 195.6157 80.2331 268.1067 0.06648008
person 435.3489 250.7013 466.1771 315.7158 0.03784136
person 595.6462 265.9994 631.5486 349.8696 0.03711582
person 532.9792 201.4513 561.4002 261.5935 0.02845061
person 362.9766 211.4965 384.612 256.4062 0.02617937
person 478.8283 203.9224 501.4782 250.6746 0.02583923
person 517.0874 204.3772 543.6382 259.059 0.02533997
person 415.9702 223.1055 446.3664 290.2726 0.0230268
person 598.5736 224.5605 633.1972 310.525 0.01776365
person 92.6466 170.7984 122.6341 238.282 0.01755797
person 273.0333 210.2108 294.7219 247.6692 0.01581165
person 448.6746 180.4872 472.4879 233.0196 0.01574585
person 544.5922 191.1576 566.5488 246.6048 0.01059012
