person 541.271 217.3997 564.8194 268.2175 0.62215698
person 50.571 208.5621 76.4582 262.2074 0.5840233
person 503.5482 217.131 524.4894 267.5939 0.47825083
person 473.4956 219.7058 494.0221 268.0705 0.425574
person 447.7556 219.0098 467.6092 266.1105 0.34140751
person 512.6863 214.1822 533.4468 264.1296 0.19190052
person 435.0825 219.5742 455.3088 264.9007 0.13491355
person 398.9695 220.8782 420.8206 264.8134 0.12928495
person 597.8826 224.1656 631.0613 305.6746 0.08950824
person 76.9428 204.4228 97.2812 253.842 0.05209517
person 492.3348 215.8446 512.9552 267.501 0.04957451
person 456.4606 217.0194 476.7054 267.8 0.03266979
person 617.3218 225.8437 639.0 286.7942 0.02502399
person 443.1078 209.9624 558.5681 270.3382 0.01723347
person 63.87 205.3424 85.0647 253.1754 0.01678704
person 415.1762 159.3957 440.0478 215.4182 0.01656157
person 419.5742 214.0244 441.8826 262.1377 0.01468362
