person 583.0158 205.7828 616.3316 303.143 0.65596169
person 608.2046 199.9152 632.206 265.7834 0.54858327
person 567.79 199.1432 595.5332 286.7895 0.46658885
person 497.7916 214.4175 526.1702 280.9979 0.14456387
person 542.9312 212.5829 569.6393 283.48 0.1374612
person 531.9466 200.2544 553.7802 250.8325 0.06872612
person 519.885 208.586 559.1833 279.9272 0.03720941
person 512.3822 210.2942 532.814 262.9502 0.02894619
person 589.7598 198.3432 613.2664 262.2628 0.01307679
person 539.159 145.9457 560.607 188.1732 0.01016373
