person 595.7108 224.6403 622.7274 288.2986 0.44366524
person 506.8066 211.936 528.5068 261.8264 0.41245887
person 6.7649 208.895 31.5383 268.9992 0.34999892
person 481.7752 214.7667 501.7128 262.1038 0.34026277
person 28.0718 209.0599 49.8624 264.9278 0.27383748
person 612.8924 225.2743 633.9304 283.1266 0.23909289
person 77.3543 203.42 99.3483 251.8735 0.23789732
person 470.0219 217.0001 489.4566 260.5121 0.09200945
person 42.5175 206.2639 62.6994 255.5148 0.08935102
person 141.28 211.3252 165.3777 263.216 0.05764638
person 588.4386 205.8094 612.7463 265.0801 0.03814035
person 12.3005 200.5487 115.5361 262.5226 0.02619393
person 430.0825 211.9795 547.1498 266.215 0.02240085
person 487.1366 212.176 521.901 262.7395 0.01710225
person 460.3654 212.9433 478.8625 253.0209 0.01473244
person 2.8148 191.171 58.8621 263.2648 0.01264823
