person 598.1886 208.0356 626.3651 282.6056 0.77130193
person 577.2342 209.9657 603.144 274.2365 0.75558305
person 243.166 208.0808 261.0492 244.6104 0.31143668
person 82.068 201.1577 103.3616 249.0839 0.160668
person 266.131 204.668 284.4071 239.7402 0.14037818
person 537.2733 191.7556 561.5628 249.4746 0.12691456
person 95.8495 198.5765 117.125 247.4557 0.09659244
person 229.8649 207.4846 248.1095 246.7616 0.04419901
person 354.5799 239.0296 379.2706 295.1706 0.03731749
person 324.7488 234.3145 353.6512 300.231 0.02851387
person 380.7143 244.2346 412.1686 322.3749 0.02156711
person 434.7606 215.722 503.1252 268.8188 0.01102211
person 290.8885 193.1997 310.396 234.7316 0.0100118
