person 461.1628 219.4565 526.5887 405.4143 0.8341198
person 543.8715 235.4982 602.0664 396.7252 0.77735144
person 454.6466 227.8694 497.1306 359.9403 0.05526804
person 393.816 207.4669 439.3838 265.5916 0.02805832
person 541.3756 291.1748 577.7453 395.0634 0.02521754
person 542.381 187.2625 577.232 267.749 0.02475453
person 520.0252 225.9006 578.768 381.5367 0.01985054
person 550.2398 251.6349 584.1554 348.6178 0.01627696
person 497.9314 228.8829 551.0116 380.316 0.01358328
person 488.5132 302.5361 523.8346 404.9106 0.01273962
person 560.9552 293.4064 595.4382 389.1684 0.01191575
person 482.1335 222.0757 522.8903 338.3215 0.01002348
