person 518.4298 212.831 543.499 265.116 0.65347338
person 580.0404 220.8869 604.3919 287.4394 0.57416898
person 472.9266 212.8358 492.2634 261.5232 0.45218304
person 598.4464 222.8144 623.5021 286.4801 0.43588474
person 37.6324 210.1287 63.0283 268.4797 0.32051286
person 18.1801 208.7024 41.3278 267.4006 0.30714062
person 496.8128 210.3462 516.5738 257.8415 0.27964598
person 463.2639 214.1209 481.9848 256.9784 0.08883541
person 2.8813 206.1517 24.5403 259.2305 0.08541629
person 72.6803 207.461 92.4167 246.8269 0.03289706
person 436.1305 208.6618 549.2946 266.5117 0.02762887
person 175.1504 218.7144 198.621 261.4045 0.02293561
person 505.6715 213.2712 526.9999 263.3006 0.02094273
person 412.3641 163.0934 440.1938 226.2468 0.01374313
person 589.8742 200.3473 619.9815 271.5853 0.01198152
person 451.7398 211.6663 471.0628 253.0693 0.01068631
person 480.053 218.6563 501.837 262.8376 0.01023799
