person 473.594 215.3833 494.3154 267.8573 0.60499918
person 444.1672 216.2243 464.9992 267.5016 0.54743272
person 52.5049 207.5442 77.348 261.6845 0.53899604
person 596.648 218.7874 629.1082 300.6108 0.36316857
person 497.8588 219.0017 517.5803 265.6249 0.35107771
person 397.9564 218.861 419.8568 265.4906 0.32651079
person 419.9473 215.5714 440.1752 263.9782 0.29975489
person 516.3778 215.3744 536.6456 263.9078 0.23336521
person 410.5929 216.0707 430.9791 265.1799 0.12548548
person 453.213 212.8994 477.2625 266.3794 0.03216911
person 43.284 203.6258 66.4837 253.9534 0.03150754
person 613.6164 215.9394 639.0 297.4812 0.01733901
person 389.5057 213.091 410.7338 259.2731 0.01698532
person 414.457 213.0629 537.202 268.2141 0.01535267
person 34.6882 200.7275 56.4046 246.3356 0.01196266
person 415.2976 160.3767 440.4304 216.7173 0.01095264
