person 488.7036 215.331 513.9174 268.3378 0.62077856
person 558.104 214.3438 581.6275 271.1224 0.59501368
person 437.514 211.1525 458.2797 250.2885 0.16371304
person 583.6296 223.0922 606.5277 271.2511 0.10133859
person 48.4641 207.1555 71.1522 254.8712 0.10068949
person 9.4144 212.053 31.8096 258.4157 0.06095059
person 547.9018 213.8312 570.5666 266.9485 0.0542528
person 26.5816 212.7294 46.9582 255.0406 0.04943531
person 82.8789 201.2902 105.9832 253.0322 0.0249796
person 2.7043 210.2634 115.8174 262.8154 0.02094978
person 567.5786 212.5992 594.0694 273.6048 0.01925731
