person 92.1585 213.8998 135.9621 318.7457 0.81770897
person 404.2665 227.2841 435.3764 324.2879 0.75904864
person 423.42 230.8955 456.3152 328.1965 0.73286033
person 132.0109 212.3517 158.6479 276.2298 0.65123022
person 334.6904 215.8081 355.4139 261.8016 0.47332326
person 182.228 208.4407 203.7903 253.013 0.26723573
person 0.3748 202.0819 41.728 437.1295 0.15978745
person 367.3539 209.9526 393.8544 268.9832 0.07966515
person 169.0298 209.0834 192.495 257.0482 0.024409
person 296.1172 196.4731 316.6843 240.8205 0.01636694
