person 424.21 206.6366 447.4822 263.7062 0.36194229
person 516.6156 223.6564 537.5427 278.513 0.3168962
person 448.8502 180.0727 478.8413 261.3696 0.31165868
person 532.946 224.7668 554.4907 278.245 0.2693589
person 392.3484 221.0257 413.1448 267.5473 0.19643295
person 508.2534 217.2926 530.263 267.0254 0.04003085
person 557.8979 218.7142 577.8014 259.0549 0.02794432
person 415.8206 227.6569 439.7727 274.6035 0.0249945
person 441.484 198.815 466.8998 264.8766 0.02311292
person 459.2456 171.7223 486.6264 238.408 0.02242069
person 153.6325 231.7138 177.9253 276.5664 0.01877239
person 584.0432 253.9978 609.9902 310.9341 0.01602106
person 383.4662 227.6806 409.6042 284.8996 0.01424701
person 303.2372 221.1284 325.3864 265.9914 0.01035333
