person 555.451 77.2998 585.9309 149.8333 0.29757866
person 452.9843 206.175 473.112 254.707 0.27917969
person 488.9032 207.9716 510.5933 259.5367 0.15504469
person 420.831 201.8086 444.9126 263.395 0.14364919
person 468.2894 206.2498 487.3438 250.9434 0.12902613
person 617.7519 211.8902 639.0 281.0327 0.10203884
person 478.229 215.9521 519.4992 298.4881 0.05730152
person 609.6102 38.5932 637.8182 122.0137 0.05300732
person 137.066 216.8066 169.0006 284.1994 0.03419012
person 455.4814 206.6814 512.1312 267.5128 0.01158228
person 3.1808 195.3341 27.4475 245.9536 0.01092929
