person 446.851 200.3595 472.1714 265.816 0.66764975
person 503.1596 206.6827 524.2268 257.7619 0.64249861
person 521.617 207.5877 542.2956 257.3956 0.55407757
person 361.4974 197.0647 381.6836 240.2188 0.22310828
person 432.9841 196.2855 457.8989 261.418 0.11802348
person 381.0386 206.8905 399.9218 244.8515 0.08743495
person 413.1544 169.0511 444.381 260.0762 0.05986222
person 491.4548 207.1564 510.0931 248.5106 0.03518052
person 346.0671 191.5821 366.2359 237.8557 0.02257933
person 574.398 58.9906 600.4724 127.4501 0.02045668
person 483.7112 204.0578 501.854 246.3427 0.01920268
person 599.3134 170.0246 630.8352 252.4497 0.01530733
person 454.8588 158.5676 485.5268 239.1433 0.01518149
person 475.013 203.5215 494.0378 250.0905 0.01431332
person 431.7835 157.4089 457.8311 236.525 0.01314654
