person 474.143 224.4317 508.9146 303.1526 0.72118658
person 536.0627 218.4961 562.4934 297.5239 0.66274971
person 377.5822 227.7394 409.7848 306.1955 0.6618818
person 587.4544 224.0264 616.2132 306.9145 0.57923412
person 560.5244 220.9465 586.535 301.0058 0.4729968
person 549.5199 219.0174 574.995 300.0778 0.30950996
person 570.3114 227.6093 597.8046 310.9377 0.17917794
person 433.574 165.7195 469.2716 256.3097 0.09650949
person 613.3344 236.5681 638.8678 325.7143 0.06419635
person 602.1699 229.7744 629.1356 315.3455 0.02803609
person 522.347 224.2247 551.9327 295.6315 0.01119013
