person 317.2422 212.3039 359.9342 326.1448 0.85665303
person 267.1699 216.021 316.1226 365.7192 0.74951041
person 1.5564 213.6753 60.1239 391.4269 0.61988842
person 215.4581 223.6833 255.2132 348.2121 0.56876099
person 527.9956 225.6384 607.228 435.7612 0.55650622
person 235.6642 237.1749 277.9357 381.3399 0.40200305
person 377.5411 207.9938 399.1136 253.8246 0.34730285
person 540.7388 249.9584 577.3164 357.2432 0.09609939
person 221.9434 216.2904 247.4342 286.6194 0.06809708
person 254.5888 199.8125 278.172 257.9717 0.03633407
person 244.4384 199.4203 276.3332 315.591 0.02571324
person 232.393 293.6944 265.3302 374.5645 0.02039801
person 249.2785 298.2394 281.8228 385.8927 0.01826989
person 233.1019 205.8354 260.2258 287.3229 0.01584895
person 564.1757 246.7945 631.0134 436.4866 0.01500959
person 556.14 263.5033 592.3847 377.2677 0.01286722
person 276.1414 213.9143 306.9594 297.8164 0.01089246
person 503.7751 269.1938 543.5232 373.1416 0.01002727
