person 165.2206 211.7242 204.802 310.1997 0.86153603
person 13.8667 218.522 73.5665 359.3882 0.80792588
person 471.834 221.3351 503.0836 309.5551 0.79183674
person 260.4593 214.8518 293.3272 305.543 0.76249868
person 305.461 213.2054 335.9138 293.7119 0.74385941
person 537.205 220.9304 560.0249 274.0059 0.71613377
person 418.6528 219.7332 448.1238 305.2115 0.661066
person 443.5542 215.3038 473.6598 305.711 0.63245225
person 516.2608 218.1152 537.9784 270.7942 0.60569525
person 238.8332 221.3689 264.4104 287.4312 0.51894683
person 57.1873 206.0335 84.8505 269.8796 0.47826755
person 578.6868 222.3312 600.2621 273.1107 0.44310731
person 595.503 215.3047 617.9198 273.8968 0.32342017
person 389.997 248.0248 412.8702 298.52 0.23927742
person 389.5296 207.4059 416.6108 279.0919 0.19799148
person 431.6738 225.9798 458.468 303.6718 0.19488244
person 329.9303 218.096 351.5448 266.543 0.17682299
person 250.1789 220.7973 278.2099 297.6998 0.13585831
person 455.973 243.2137 480.3276 306.661 0.10680501
person 368.3007 227.3448 389.5072 268.6188 0.0809235
person 199.1875 213.4908 222.3936 262.3487 0.06281199
person 318.68 218.3431 342.9796 278.2521 0.06032884
person 272.5563 213.3654 295.3783 267.4537 0.04207477
person 412.5579 160.0024 440.7884 225.8302 0.03819543
person 508.458 214.4568 529.22 260.3396 0.03001092
person 497.7104 211.8568 517.2724 258.558 0.01439441
person 483.8544 212.9078 508.6335 275.4756 0.01397253
person 412.548 246.031 436.1289 304.8584 0.01325604
person 179.8218 255.2857 208.1689 314.8944 0.01191305
person 40.2665 275.0932 79.3613 359.4755 0.01151796
person 273.6732 225.5217 306.9602 306.5068 0.01080697
person 32.7326 215.4175 64.5298 280.7386 0.01071373
person 79.5405 201.9291 101.679 254.1294 0.010543
