person 111.5749 226.8222 153.4876 342.193 0.85549319
person 469.4967 229.0768 534.4724 402.6435 0.85116535
person 71.2831 218.6312 117.2042 341.3358 0.81715882
person 323.7532 207.066 344.2526 252.7277 0.37112626
person 0.4423 282.5114 36.3289 422.6184 0.29454231
person 473.8399 243.9235 505.8556 330.5012 0.03583716
person 492.0467 236.5335 531.3725 349.4719 0.02529539
person 0.1337 173.2776 28.9527 291.1123 0.01947064
person 4.6101 226.8331 58.2203 397.6788 0.01889944
person 287.5696 185.6464 310.9386 241.008 0.01275845
person 307.7341 207.612 326.685 246.8178 0.01041624
