person 560.7094 228.2358 583.5922 282.603 0.66915768
person 519.872 215.919 542.9378 268.7474 0.47839275
person 26.831 209.7531 53.6786 275.1777 0.41515648
person 44.7845 210.6503 71.5399 277.4676 0.40637767
person 424.3392 203.4973 448.4963 258.5175 0.13266656
person 1.5057 212.9796 23.0413 263.625 0.05420736
person 570.7072 227.1516 594.1054 283.6237 0.03350595
person 465.387 225.4742 486.4596 266.603 0.02114405
person 106.155 202.7593 130.3591 252.337 0.0207903
person 532.3186 212.9603 554.2812 268.3237 0.01766171
person 550.1015 221.8684 572.0673 274.4958 0.0156527
person 457.1975 159.0786 479.4943 207.2995 0.01284841
person 0.0836 163.808 27.7962 271.4603 0.01191765
person 129.0716 204.6963 152.3476 256.3396 0.01170362
person 489.117 105.7636 518.4757 171.8053 0.01128972
