person 90.1605 207.402 141.788 348.0542 0.8429147
person 130.9886 218.753 177.236 346.9276 0.84063363
person 408.1191 222.6792 445.327 313.5387 0.81677252
person 312.9124 209.4092 332.3046 253.0254 0.43682268
person 301.6931 211.9334 321.7304 252.3681 0.22896858
person 347.2453 209.3665 368.993 255.9903 0.08247572
person 334.3344 208.2848 353.22 248.9596 0.07618962
person 169.4008 205.4347 193.2866 256.542 0.03344695
person 281.1551 203.3172 405.7986 252.9213 0.01733383
person 139.5945 218.4071 168.8145 287.1122 0.01631972
person 388.5557 51.4515 418.903 121.4186 0.01297712
