person 147.9255 220.0524 181.0622 298.0721 0.79712486
person 60.0834 217.4662 101.8171 320.802 0.77065998
person 450.0205 220.9827 487.1051 319.9136 0.74902296
person 202.021 219.2579 238.0728 308.7406 0.73695558
person 40.1103 218.7861 76.4625 320.1892 0.4628627
person 598.67 210.3952 623.3325 267.3386 0.3709051
person 322.5496 203.9226 359.5221 301.5116 0.34166303
person 278.5232 210.2655 307.5583 278.546 0.30229914
person 467.6654 220.9893 503.9024 318.8776 0.09257828
person 571.8452 210.1154 600.2692 270.7776 0.06739008
person 195.6273 221.451 223.3945 285.2845 0.04769907
person 263.3112 211.7246 285.7107 260.4187 0.03564534
person 469.9746 214.3586 493.5702 275.9453 0.03342883
person 218.0758 234.4507 248.0806 307.7402 0.02378804
person 558.7519 205.0736 626.7629 269.1146 0.02364473
person 324.2185 213.9134 348.4241 268.2002 0.01617277
person 448.9792 212.1716 475.296 279.1252 0.0161481
person 250.7348 218.5586 281.9598 288.7282 0.01507936
person 335.4142 215.2815 362.0274 270.1106 0.0135766
person 585.7334 210.5766 605.7316 254.4717 0.01228447
