person 52.2483 209.6204 76.9464 262.1036 0.59337097
person 504.325 216.9148 526.6618 267.0338 0.55500561
person 473.9054 218.539 494.7618 269.0833 0.51293826
person 441.9206 217.7212 462.1818 265.5798 0.44816762
person 398.7269 220.0042 420.543 266.0774 0.25742653
person 601.6388 223.7571 630.8152 300.9425 0.19133778
person 427.2945 216.5482 446.7358 263.0994 0.14156573
person 615.9886 225.9391 635.3297 282.6376 0.0784836
person 408.9536 215.4072 430.1558 265.5295 0.05750077
person 489.1276 219.1408 508.7147 269.2223 0.04897129
person 76.5834 205.4767 96.8993 253.3794 0.04191941
person 375.8044 210.5859 396.8688 256.1908 0.02377291
person 50.9954 203.3191 156.5593 268.783 0.01518614
person 393.127 214.3421 502.2118 272.4478 0.01477538
person 458.2208 217.562 478.886 266.3646 0.01368712
person 415.2126 159.4339 440.4902 216.6209 0.01317694
person 413.3828 194.4464 440.6457 260.1176 0.01206603
person 385.5831 216.294 408.5875 263.0515 0.01053584
