person 416.3 184.8334 440.556 251.2615 0.48848155
person 460.9945 219.9488 480.7214 264.0165 0.17633271
person 397.7176 204.2411 418.7893 255.558 0.16430262
person 379.1059 217.9541 398.9395 262.1646 0.08618924
person 475.7592 224.1205 496.2586 274.8671 0.06900942
person 110.209 236.9598 138.3673 301.7264 0.03921197
person 371.5632 223.0465 390.1952 262.6507 0.02790091
person 616.443 197.3582 639.0 265.5707 0.02757426
person 363.401 228.5126 382.5535 267.7825 0.01186089
person 484.681 222.9017 507.8462 275.0016 0.01119973
person 428.2732 189.5817 454.646 254.445 0.01083263
person 350.2239 236.6542 374.3398 282.296 0.01052075
