person 613.7218 212.8384 639.0 288.4899 0.50781089
person 322.8139 216.0304 345.7612 258.4734 0.30938348
person 425.0314 206.9049 445.9364 248.5007 0.11643814
person 74.691 208.5993 97.9624 252.0238 0.10036952
person 109.9746 211.8639 130.0696 246.0035 0.09236617
person 130.2516 210.5177 149.8473 243.9923 0.05510188
person 466.185 204.7826 487.705 243.8891 0.02314364
person 176.6827 210.9456 197.9121 248.9313 0.01434207
person 54.9331 209.8245 185.5602 264.5699 0.01082607
person 427.4428 197.0301 493.2148 261.8663 0.01006085
