person 128.768 211.074 165.2686 299.6278 0.801229
person 579.2504 214.4304 602.5722 270.2775 0.62444282
person 534.627 199.2549 555.5226 254.35 0.56145352
person 594.0862 212.142 616.0832 264.4294 0.37630299
person 547.0526 201.9549 567.5918 253.8028 0.34983629
person 612.5824 211.1221 633.648 268.9461 0.15723357
person 524.1063 203.3385 545.7686 254.5337 0.04555055
person 368.2309 185.8794 394.2074 258.3803 0.03507318
person 512.0918 204.1266 534.2762 253.9182 0.03507065
person 99.3096 218.9648 129.3938 281.3223 0.01063556
