person 53.3596 207.3062 77.1723 259.9201 0.56750888
person 501.2743 216.4476 522.1202 267.0982 0.53036445
person 452.0674 219.022 470.985 265.4927 0.40877089
person 477.781 218.2663 496.9654 266.3724 0.38183555
person 592.8296 221.0463 628.371 314.3544 0.30889165
person 396.4312 217.7134 417.6498 263.986 0.22326365
person 512.4665 213.3816 533.302 263.7852 0.17774466
person 433.8141 219.2408 453.14 262.3295 0.14009139
person 443.6068 217.6508 462.691 262.7168 0.13494551
person 466.7927 217.2181 486.086 267.1939 0.12344495
person 79.3145 203.2119 100.5206 251.548 0.11881839
person 491.3556 216.3474 511.8054 268.1573 0.10372102
person 294.2662 207.4538 318.7174 262.7518 0.05465348
person 406.139 215.7627 426.9426 262.669 0.02812857
person 578.8128 235.9713 613.8774 314.8804 0.02359173
person 415.0022 159.6625 440.1754 217.5267 0.0193208
person 418.4234 213.9423 440.4401 261.9438 0.01888333
person 414.6646 215.3454 532.8 270.028 0.01804023
person 609.674 228.2341 638.4898 309.9197 0.01278501
