person 259.342 212.3442 296.0052 310.9103 0.82924438
person 534.7586 229.7742 580.465 336.4308 0.8014732
person 290.0812 212.1357 325.8521 309.1586 0.78187543
person 404.3501 220.8626 430.6135 277.6226 0.64415044
person 56.8781 217.1747 86.2801 291.1555 0.4983595
person 69.6952 217.4902 99.6724 291.8786 0.4406971
person 138.8126 216.7908 169.7571 285.6072 0.41908216
person 108.5784 218.093 140.821 290.8326 0.29378271
person 227.3436 236.8472 247.8024 278.6854 0.0297564
person 147.0668 232.6304 266.7054 293.1164 0.02959642
person 209.7556 242.3765 229.5006 281.6235 0.02006623
person 395.7338 223.722 417.8429 272.3172 0.01729485
person 218.3221 239.6156 238.7422 279.2271 0.01444156
person 277.2713 218.8762 306.0571 300.1825 0.01363254
