person 483.686 208.2309 506.213 255.765 0.51892674
person 395.2206 209.587 415.3595 252.5579 0.2359214
person 434.651 210.9838 454.3172 246.8523 0.20953992
person 81.894 200.0182 104.7395 251.4491 0.03187761
person 359.8744 210.9981 508.0206 258.3118 0.02428598
person 561.2448 186.8091 583.476 235.9762 0.02363324
person 323.547 216.3511 343.4994 254.6112 0.01577134
person 345.1372 195.9477 365.3086 240.0873 0.01399256
person 444.675 205.5257 464.6344 247.6966 0.01134247
person 536.9854 198.4005 558.4286 243.2514 0.01106037
