person 472.1264 206.5145 493.7022 254.3366 0.51829392
person 592.4377 209.5198 621.7436 277.8808 0.32978538
person 454.0364 207.3998 473.7867 252.164 0.319419
person 428.426 207.8595 448.3276 248.9224 0.19272834
person 382.0907 208.7919 413.1319 284.2136 0.09966649
person 319.7404 218.3168 347.9323 287.442 0.09393419
person 407.9842 207.2997 428.9391 256.1662 0.09355094
person 445.7351 205.4476 464.9803 248.6033 0.0398233
person 417.458 206.2695 438.8629 251.9432 0.02545395
person 547.1952 241.6666 570.1974 286.208 0.01802996
person 506.6927 204.071 542.6518 294.5932 0.01529489
person 376.5217 204.0395 507.536 253.1321 0.01273877
