person 514.2497 200.8582 561.8732 329.7601 0.68258119
person 344.6415 214.3288 373.8051 281.4511 0.23321259
person 225.227 209.4422 260.041 286.9442 0.06298221
person 332.4299 217.2741 360.2915 276.4878 0.03966863
person 46.8992 232.1129 71.024 275.5538 0.03480979
person 204.307 209.4836 227.3059 255.5397 0.02934863
person 0.0774 197.7039 22.8303 245.9797 0.02020439
person 224.7277 151.6765 263.6749 250.2845 0.01846705
person 217.7516 215.2186 245.2261 268.892 0.01488926
person 531.8992 217.053 567.1764 296.6347 0.01488829
person 511.8502 208.2792 545.7838 286.8899 0.01028768
