person 546.0504 218.1122 569.0868 269.8323 0.64218456
person 52.3691 209.807 76.8602 261.7557 0.53790897
person 503.6397 215.9858 525.0866 267.5054 0.46554121
person 475.8078 220.6811 494.3714 266.5897 0.33826402
person 450.0512 219.7476 469.2479 265.7846 0.33135274
person 399.9221 221.2093 420.704 264.4879 0.21630074
person 512.7513 214.4124 534.0698 263.2915 0.18520781
person 597.0063 223.7299 631.6294 308.5258 0.13326798
person 434.0323 220.8646 453.7424 264.1018 0.0986226
person 459.4074 218.5654 479.0034 265.2013 0.07837152
person 491.8171 218.5652 511.7026 268.7728 0.05450404
person 76.0588 204.7189 96.6312 253.9872 0.0280781
person 414.3797 217.3188 534.691 271.4963 0.02366496
person 39.7079 202.5048 156.3697 261.1529 0.01619517
person 418.5907 215.3582 440.4656 262.8645 0.01425167
person 415.3685 159.6985 440.373 216.1037 0.01353674
person 408.6072 214.5209 430.9024 264.0362 0.01352267
