person 320.9813 216.5341 345.2706 266.3344 0.54990017
person 198.5077 217.2804 222.3238 270.5985 0.33708867
person 132.7606 210.2331 157.0186 267.2724 0.28029475
person 433.66 211.8112 455.1214 260.4974 0.21704814
person 120.9192 215.1021 142.9944 260.5484 0.06473018
person 335.7064 213.7454 475.5393 264.4524 0.02676213
person 78.334 210.5571 111.4951 284.037 0.02592259
person 386.7308 213.3341 405.5296 249.5988 0.02350742
person 369.1857 215.3595 388.6427 252.0475 0.01660499
person 412.4745 209.7793 432.6831 253.7856 0.01379864
person 16.777 214.1483 47.5941 285.8424 0.01220117
