person 52.8346 211.7354 76.6712 261.7026 0.52446228
person 442.9087 216.9426 462.7573 266.0698 0.498723
person 501.8494 217.061 524.1716 268.0126 0.4689697
person 473.0914 215.5746 493.5458 268.5897 0.43902174
person 597.0318 222.6619 626.6776 298.1956 0.31502998
person 398.2496 219.1046 419.5203 264.9902 0.30243576
person 422.295 214.2301 441.4166 263.0823 0.23801427
person 511.6854 213.91 534.0442 265.0308 0.14240058
person 492.1072 215.4598 513.063 268.6274 0.06893793
person 409.142 216.9218 429.633 264.2496 0.05658126
person 614.6438 223.02 639.0 300.03 0.05501524
person 76.2826 206.2233 96.1097 252.8518 0.05186978
person 375.7139 208.872 395.9774 253.479 0.04173698
person 456.595 214.0167 476.726 263.9016 0.03911273
person 22.9874 200.5551 44.1763 245.6896 0.03835653
person 62.9833 207.5463 84.1809 255.1551 0.03450102
person 480.3148 224.3294 502.217 271.8168 0.02364412
person 397.3629 213.2657 506.4642 271.2507 0.01547432
person 31.1723 202.0301 136.8734 261.4429 0.01490833
person 386.0335 213.226 406.828 257.8346 0.0135405
person 415.5984 160.2779 440.5629 216.8298 0.01080539
