person 123.8251 220.3752 154.6639 288.8146 0.80996585
person 161.0485 215.4408 190.0491 288.314 0.74832863
person 449.2877 219.9794 477.7968 289.0011 0.72843188
person 555.8172 223.1142 591.2372 314.8125 0.70630199
person 245.3908 220.353 283.8176 336.1012 0.69612056
person 271.6078 221.265 304.906 310.444 0.69255447
person 0.7682 231.7785 47.6303 370.216 0.62695801
person 530.937 216.961 563.9386 320.9035 0.58689451
person 488.936 223.112 533.0233 353.4352 0.55705875
person 314.7666 216.4735 339.3544 268.5024 0.54690814
person 26.0491 210.9442 53.8121 275.8761 0.39631546
person 226.4936 217.1029 247.6557 275.7333 0.39561048
person 208.9058 219.0448 231.1958 276.681 0.36346307
person 182.8003 220.9116 208.9551 284.085 0.32691178
person 617.9868 225.5654 637.9533 275.5894 0.26665264
person 514.289 222.3418 540.6242 306.8634 0.2179829
person 493.5235 221.3477 521.4381 301.4169 0.1972848
person 68.4003 213.0175 97.3093 276.4833 0.17645304
person 45.7641 214.0182 68.6783 272.4382 0.14755176
person 104.2873 211.9977 128.6678 267.7694 0.13622099
person 59.2641 209.4936 83.3451 266.9756 0.0930628
person 460.0026 211.1202 485.6122 277.3109 0.06375183
person 113.6568 218.79 140.083 284.3338 0.04986542
person 589.8586 205.8631 614.331 262.1061 0.03592357
person 80.4359 202.0037 103.101 256.4588 0.02149265
person 139.5109 218.853 169.5442 284.1373 0.0205846
person 77.6382 235.6238 101.8927 282.7635 0.02051047
person 471.7652 210.4822 492.831 267.9764 0.01973402
person 235.1879 218.3061 267.5288 312.2672 0.01749942
person 482.5764 212.9109 502.942 259.8552 0.01551722
person 323.9833 225.5316 347.7532 272.9257 0.01385258
person 410.8711 162.7008 438.6568 231.0226 0.0105721
