person 441.0516 217.0471 462.9854 268.0306 0.54323143
person 52.73 210.1585 77.4423 260.6627 0.5028466
person 502.15 216.3031 522.9342 267.2427 0.46938196
person 475.5382 215.9464 494.4814 268.0142 0.42453891
person 398.2692 218.8854 419.4441 264.6423 0.26654491
person 599.726 221.7078 628.1184 293.4805 0.19074096
person 422.3884 215.6684 441.9286 262.9683 0.17981422
person 517.8492 211.7226 539.8243 262.6138 0.16292533
person 617.7874 228.1316 637.7536 290.0396 0.09905306
person 490.5953 216.3679 510.8486 267.8434 0.06931134
person 408.8942 217.1624 429.5506 264.0603 0.04595238
person 460.0382 211.2138 479.6322 262.47 0.04543429
person 415.0832 209.1572 528.7176 269.8472 0.01870081
person 388.7226 213.7231 409.923 258.9461 0.01615432
person 6.1515 201.705 29.9648 246.8962 0.01442095
person 415.1954 159.4706 440.4316 217.0158 0.01132038
person 377.1732 209.7471 396.9199 253.6237 0.01124644
