person 453.1486 212.4118 479.7806 277.6532 0.45603892
person 481.8244 207.8387 502.766 268.2663 0.36173961
person 495.6827 211.7017 520.3286 278.7226 0.32685554
person 200.617 205.7801 221.0369 243.4586 0.19567461
person 297.627 227.7472 324.4947 291.401 0.18223053
person 52.8035 201.3122 77.2286 251.6405 0.17386128
person 441.4242 214.3644 469.7317 285.9553 0.05758115
person 260.245 232.658 284.9258 278.6186 0.03774679
person 63.7921 202.4626 85.5719 248.484 0.02497817
person 186.7028 203.8639 206.5643 244.6436 0.01614415
