person 360.7526 208.3663 385.7483 269.8546 0.67379934
person 430.9824 210.0889 453.4654 258.8794 0.25836605
person 284.5534 211.7754 303.7326 254.0074 0.19549781
person 323.2116 211.6248 342.7655 251.7186 0.08433607
person 297.8778 211.3039 316.0072 252.3652 0.07930093
person 306.8226 210.7556 324.4905 250.2571 0.04809123
person 314.8901 210.7557 334.1825 250.2658 0.03751612
person 334.4361 211.8873 355.8642 258.3529 0.03355784
person 274.5665 204.5295 384.9153 262.7906 0.02139829
person 366.3879 190.4985 391.2583 249.1946 0.01271136
