person 53.9565 212.5418 75.8898 259.3012 0.50979644
person 501.0904 216.5284 522.5556 268.5271 0.50501901
person 472.9892 213.6956 494.435 268.7516 0.49992561
person 441.473 217.7052 461.9652 266.3499 0.43567225
person 598.5698 224.6859 626.6086 300.4602 0.32760689
person 422.3604 214.8292 441.4139 262.2676 0.25387052
person 398.0258 219.2253 419.0766 264.1181 0.25309646
person 517.418 211.891 540.0198 264.6853 0.23617479
person 614.4828 223.4722 638.4995 301.1958 0.11762129
person 36.06 202.3785 56.766 247.7754 0.07672875
person 43.8748 209.3106 65.3239 254.7211 0.07380918
person 491.9534 218.6155 512.3023 269.8533 0.0701627
person 410.0136 217.2612 430.4395 263.5291 0.05314377
person 371.3446 207.6168 391.7912 251.7092 0.03858545
person 63.2681 209.3878 83.9878 255.7189 0.03704624
person 76.7453 210.3024 95.6998 253.644 0.03244784
person 24.188 202.4436 136.0589 260.1676 0.01962113
person 458.0537 215.2389 478.7431 265.8202 0.0160267
person 589.6215 200.0897 619.476 264.2911 0.01525685
person 396.1404 212.5021 504.2445 271.1108 0.01371949
person 415.2168 159.4286 440.2299 216.0454 0.01240714
person 388.1366 215.577 410.5218 261.8917 0.01131366
