person 111.3045 220.7504 170.3563 377.957 0.85444731
person 377.6163 216.6926 409.0381 299.4949 0.84028828
person 296.0983 211.3814 328.2457 299.7354 0.78491706
person 203.3918 229.2589 252.2734 342.1094 0.78109688
person 538.1617 220.3628 561.9972 278.0733 0.77883506
person 340.4759 223.4118 367.8396 300.3913 0.77711183
person 565.2918 220.9578 588.091 278.6628 0.69370091
person 188.0433 218.2591 212.5802 292.402 0.64315146
person 234.9102 219.092 261.9906 287.2589 0.63477302
person 601.0985 213.3426 623.5534 273.6496 0.57728064
person 274.4791 214.6436 297.7079 264.087 0.34649646
person 170.4187 218.1075 194.484 283.1937 0.32216287
person 468.5998 212.705 488.1002 260.3264 0.30150542
person 512.2232 211.0107 531.9293 256.5544 0.24023029
person 361.0048 224.1802 384.1536 297.1078 0.23329788
person 491.0692 214.9945 509.3198 258.5308 0.20316656
person 587.0336 214.572 608.5536 270.104 0.14638868
person 555.1001 223.1154 578.3282 277.6346 0.08801907
person 147.4133 215.2974 177.611 290.8487 0.07203707
person 94.7486 215.0528 119.4221 266.3116 0.06733215
person 124.8552 287.7749 166.197 376.3735 0.06558737
person 441.5236 210.1448 559.701 266.3128 0.05236053
person 43.3333 206.1812 66.2911 252.533 0.04235462
person 76.034 202.4072 96.6149 247.7786 0.03823276
person 12.4686 196.6647 122.5444 259.6178 0.03742177
person 618.4461 214.9162 638.8966 274.6877 0.03135847
person 288.2323 229.2552 315.0934 297.9642 0.02896334
person 574.9288 225.5362 597.3662 277.4394 0.02824637
person 412.7504 160.2707 441.5142 227.5683 0.02591255
person 460.4786 212.5014 479.356 255.0122 0.02581611
person 441.829 212.8452 460.8756 251.9426 0.02201668
person 451.4702 212.1757 469.4396 251.7106 0.01964662
person 204.0255 215.4146 232.9597 301.4481 0.017769
person 478.6792 212.6895 523.3939 260.5213 0.01766609
person 369.187 240.7986 393.0863 300.759 0.01364449
person 24.7513 204.962 47.7718 249.3144 0.01123509
