person 497.6325 246.1258 532.5068 330.6115 0.27392268
person 496.8093 207.9693 521.3113 265.8291 0.07896206
person 116.8176 222.9825 137.9429 265.01 0.06942986
person 594.7422 163.7344 634.6709 276.7903 0.03413477
person 329.718 177.4242 354.522 235.4265 0.02602028
person 295.2244 217.695 318.0324 262.3232 0.01506124
person 480.3176 227.4029 518.4693 323.4472 0.01492663
person 600.4048 129.8018 632.8205 221.5962 0.01480589
person 75.1425 227.53 220.693 277.1406 0.01329592
person 163.5524 221.6138 182.6644 261.4984 0.01179866
