person 1.1369 218.8877 42.9349 328.0581 0.82759082
person 413.7587 228.7918 445.061 309.8311 0.75477856
person 431.464 227.3208 463.8016 309.6298 0.74181849
person 480.4147 222.5546 508.5981 291.941 0.56693929
person 368.8374 224.6656 396.6136 289.898 0.1595273
person 573.9806 210.4189 633.8226 266.2431 0.06490086
person 324.8714 211.9343 356.9992 276.2513 0.03939251
person 267.4402 211.111 290.6639 257.4794 0.0231598
person 491.7122 233.2554 519.3561 300.1181 0.02160491
person 288.3036 214.878 342.3836 280.6862 0.02054394
person 457.3013 210.7054 479.5879 264.8606 0.02021082
person 607.7677 211.8914 631.2711 262.2646 0.01858675
person 568.5991 213.2476 598.5518 275.2993 0.01550293
person 446.0048 216.2218 475.1764 288.8976 0.01476823
person 593.2124 213.8198 617.9204 265.3351 0.01452577
person 466.4782 219.5476 494.2626 282.9864 0.01446619
person 583.7304 214.2 606.6888 261.625 0.01176795
person 304.0364 221.8533 329.1198 266.8141 0.0113445
