person 322.1679 212.9818 361.4115 315.1371 0.80684543
person 290.7538 209.8964 330.449 314.5727 0.78886664
person 586.4118 232.4883 631.6844 341.1503 0.69766581
person 162.4571 215.2557 191.3637 280.7536 0.47629499
person 103.3658 218.0715 133.9643 286.2066 0.38386562
person 422.5318 224.5264 447.9618 279.6813 0.36446339
person 71.7159 217.3313 101.2323 288.1802 0.30699694
person 54.948 218.3374 84.1388 288.2946 0.24806926
person 216.8037 240.2967 236.9186 279.1158 0.01968979
person 511.8348 178.8524 540.223 234.4167 0.01801436
person 242.6784 236.861 263.4234 277.771 0.01741876
person 226.3428 239.3033 246.3652 278.43 0.01436833
person 402.1643 222.5852 424.299 266.3291 0.0120474
person 295.1486 258.5254 322.9008 320.6208 0.01196145
person 190.9294 224.1196 287.484 290.2945 0.01179213
person 263.4364 235.3674 285.0136 278.3355 0.01026067
