person 124.4242 216.0697 179.0475 350.9982 0.81933975
person 363.2722 214.5471 397.9108 316.1906 0.78813124
person 335.9931 218.4514 372.8664 342.137 0.76502615
person 297.3015 216.7934 336.9486 350.3584 0.7332058
person 481.063 227.3667 539.8526 383.2825 0.72796541
person 262.0295 219.2156 297.9994 323.1677 0.57322985
person 289.9516 212.3662 319.883 321.673 0.20451406
person 477.1349 246.1107 512.6844 360.97 0.03985424
person 340.65 216.0965 367.751 284.7976 0.03481463
person 263.2566 200.6498 291.659 267.6285 0.03236333
person 312.4274 217.2971 345.1362 313.0298 0.02504367
person 328.6856 259.7358 361.345 349.7403 0.01894171
person 200.1794 201.8697 225.963 253.4942 0.01606025
person 489.8968 269.714 524.0296 374.5886 0.01161893
person 494.3849 226.6576 533.7016 316.9114 0.01119911
person 131.5566 218.9837 163.2039 304.7978 0.01052526
