person 115.1185 221.0418 167.365 350.8914 0.85750067
person 215.9259 211.1084 246.3419 299.1807 0.81044459
person 375.3398 217.598 408.532 302.9016 0.80859739
person 241.0953 215.8095 271.9606 303.4626 0.78287983
person 269.389 212.8886 299.3536 294.601 0.76619691
person 422.959 218.636 453.3382 303.6419 0.73478824
person 551.7008 222.4196 574.4176 275.6646 0.71765435
person 405.6885 219.4126 433.2232 301.1943 0.6740337
person 525.852 218.7286 550.1452 275.409 0.6604951
person 2.3792 216.0468 57.288 390.6821 0.49583775
person 302.3797 214.3914 322.8189 264.4512 0.38884166
person 338.7096 228.361 366.581 297.5213 0.32361236
person 80.8919 215.1566 102.3445 267.568 0.300495
person 316.6896 216.3256 338.4047 264.2978 0.26394898
person 618.7771 221.8428 638.8342 278.8383 0.26027209
person 466.193 213.687 485.1791 256.7496 0.25794643
person 591.199 209.3371 614.6898 270.2476 0.2236978
person 500.4228 210.822 519.747 255.1445 0.22306402
person 484.3546 212.0352 501.7921 252.8719 0.16676696
person 573.0691 221.3434 594.2849 271.3282 0.14324476
person 171.2488 218.065 192.4908 261.8536 0.13298228
person 99.7196 216.8946 119.9882 268.683 0.1243716
person 231.4146 221.0967 257.2174 296.966 0.10772295
person 474.8152 212.4452 493.4374 255.9398 0.08913171
person 205.3461 215.332 231.4842 284.2461 0.08398047
person 50.5622 206.3847 71.889 248.885 0.07153683
person 89.1773 219.8567 111.6856 272.7585 0.05838184
person 11.7474 206.5817 40.0948 256.4019 0.04658564
person 287.4659 215.7914 315.5854 277.9869 0.03523356
person 491.3249 215.8941 511.1958 255.7369 0.02869498
person 510.422 211.9316 532.2948 262.6046 0.02358481
person 454.7404 209.8952 473.7843 254.3552 0.02189441
person 449.7196 205.5967 559.6552 261.5817 0.02172155
person 25.7492 203.2759 47.6015 249.1573 0.01792498
person 412.5728 160.209 441.4796 226.0679 0.0166849
person 13.138 202.1279 134.7142 262.5669 0.01620878
person 122.6866 216.052 154.7014 284.6752 0.01595847
person 39.56 214.867 121.49 302.0692 0.01591571
person 22.1597 292.8184 60.6194 387.5791 0.01585656
person 467.471 210.599 515.792 259.4981 0.01506014
person 182.6571 218.9893 204.5462 263.9264 0.01227868
person 88.262 218.098 152.5374 322.7738 0.01181955
