person 504.1362 214.3061 528.2242 270.7519 0.70600528
person 52.4417 209.7914 77.2697 262.353 0.60505599
person 473.6024 219.719 493.6252 268.5954 0.49291632
person 442.0808 220.2116 461.8803 264.6921 0.39344981
person 599.3448 224.1318 629.601 298.5667 0.23541333
person 399.2741 219.99 420.4831 264.619 0.19851196
person 429.0994 218.5338 448.6466 263.004 0.06778935
person 77.1884 205.6713 98.1557 254.6878 0.06140517
person 24.8424 200.6314 47.0392 244.7938 0.04455436
person 489.3944 220.3657 509.8972 270.4834 0.03438912
person 267.2588 213.3924 289.8032 252.2832 0.02645575
person 458.0944 218.9643 478.4934 266.211 0.01786441
person 415.2554 159.8404 440.2167 215.7158 0.01685509
person 416.8163 217.5525 467.5608 263.7747 0.01593944
person 614.7814 223.6339 637.5269 294.5748 0.01575584
person 512.5417 206.5208 538.8016 264.8362 0.01487085
person 42.3847 203.7 65.2128 252.4898 0.01432937
person 409.6795 214.6088 527.7858 270.8558 0.01106254
