person 587.461 209.8527 614.7441 283.4138 0.4782041
person 530.758 209.0115 563.102 285.255 0.45281798
person 82.4566 195.5733 103.2867 243.8978 0.26613581
person 227.5742 203.9285 246.1341 239.3288 0.22300979
person 550.4636 204.1508 575.1195 263.1665 0.20817304
person 91.2847 194.8611 113.8764 243.1621 0.09115847
person 161.8921 256.9439 188.3982 304.6656 0.07906349
person 330.48 222.6664 360.1344 298.2939 0.07460224
person 296.3613 220.831 323.5264 284.0584 0.05882614
person 343.3784 232.4972 369.6867 290.8572 0.04402949
person 68.1677 194.6589 88.7578 240.46 0.03179298
person 214.0702 201.2281 233.5166 242.5399 0.0296866
person 499.7225 193.7936 520.1942 237.9077 0.0247604
person 483.8366 199.5678 505.3491 244.6199 0.01686493
person 411.3022 206.0617 433.0608 248.9769 0.01337656
