person 479.025 207.9628 500.8978 266.2823 0.56977296
person 256.8035 216.9742 281.8006 267.3522 0.19401155
person 496.1984 216.6749 517.0274 267.2684 0.07425388
person 438.2052 206.227 460.6374 260.7982 0.05196797
person 382.8828 219.8514 409.4444 270.8975 0.04289317
person 469.6138 205.3664 491.74 260.89 0.03202326
person 578.917 163.1757 605.2602 225.4858 0.01543905
person 523.8748 282.57 561.05 371.9121 0.01473025
person 520.0656 223.3268 557.3936 305.5038 0.01309175
person 459.0795 205.2765 479.7833 260.1847 0.01206063
