person 608.1758 222.2306 638.6277 301.2141 0.77781284
person 443.3056 204.1068 465.2268 247.0323 0.30663601
person 467.7452 205.1226 489.5447 244.9214 0.25130948
person 98.192 188.4447 127.1029 245.7739 0.24683712
person 521.839 46.3095 556.2607 135.0492 0.17098528
person 402.5634 205.5486 422.9864 245.8358 0.14109981
person 76.164 202.3846 98.8583 244.5781 0.1120738
person 64.0644 200.6956 87.3691 244.6331 0.03519928
person 66.9615 191.7607 140.1507 248.6627 0.02388456
person 334.4834 196.9826 525.4627 251.1964 0.02266148
person 123.0025 180.7703 149.2388 242.2112 0.0205604
person 358.622 203.1182 381.954 243.2419 0.01721264
person 367.7196 98.9921 400.6499 174.2674 0.01487564
person 540.6106 33.4151 576.0269 130.7698 0.01106137
