person 25.0882 206.1539 47.6423 257.6607 0.42295089
person 506.5779 214.8902 542.6952 312.1678 0.3227376
person 551.7268 215.6192 583.9456 292.6393 0.28199399
person 521.1442 209.7075 545.6784 270.7955 0.14228795
person 8.2874 210.6655 30.4231 264.9625 0.05875145
person 85.3722 201.3765 107.2316 249.3075 0.05307478
person 407.5308 209.2462 435.236 263.6034 0.04438881
person 2.9049 207.0673 137.1513 264.233 0.03813724
person 35.4643 203.1153 58.351 251.7647 0.03247105
person 412.5356 158.9992 439.9168 218.2086 0.02100657
person 521.0266 233.7378 551.3536 304.3966 0.02066564
person 506.7785 210.6559 528.5376 273.6687 0.01570819
person 391.8955 208.6038 413.5445 253.7634 0.01082717
