person 371.0968 221.4402 405.716 301.7247 0.90919763
person 219.1278 215.8246 273.7548 368.3848 0.83398443
person 281.719 211.0478 327.4169 336.6942 0.81060833
person 553.1601 221.643 577.0892 279.991 0.78790796
person 338.5314 215.3554 370.0148 298.6605 0.7522524
person 581.3696 220.1868 605.1654 278.6477 0.70444161
person 153.1479 219.6144 181.0354 291.8046 0.65049744
person 404.3081 218.3198 428.9624 270.6138 0.61448842
person 134.9628 218.809 160.8734 282.7216 0.59629524
person 196.6183 217.9056 221.165 280.4158 0.54115266
person 473.8666 213.4601 494.9094 264.8242 0.42476922
person 520.3554 210.9815 540.972 258.2221 0.36955798
person 608.2055 219.6671 628.7556 274.212 0.3363618
person 325.6622 213.3881 353.9252 297.2032 0.28382778
person 501.9688 212.7618 521.3328 257.9307 0.2287287
person 166.8186 219.9288 191.9892 289.341 0.18444167
person 72.5462 214.432 96.3564 266.9496 0.13576911
person 58.3708 209.0941 83.7303 264.4741 0.09310877
person 569.8676 221.7569 594.0892 278.2258 0.07261766
person 388.5949 217.9429 418.1846 288.0709 0.07062587
person 13.4312 198.0479 124.7136 262.7538 0.05125689
person 461.7845 213.9641 481.063 258.3098 0.0481134
person 424.0368 216.3648 550.2624 269.6344 0.04797113
person 34.2594 205.0241 57.8162 251.8258 0.04402449
person 490.8185 212.4663 509.7468 258.9759 0.043344
person 190.0357 208.6235 231.932 309.8262 0.0358029
person 355.5568 219.7771 386.4193 298.3312 0.0275228
person 276.7691 244.258 308.9714 332.6809 0.0264474
person 239.7021 206.8569 291.7422 344.1135 0.02581659
person 102.6462 214.789 125.67 263.7504 0.02457992
person 441.354 212.0599 460.4724 252.7006 0.02163774
person 233.8686 289.0568 267.0178 369.6946 0.0195977
person 24.3989 205.3462 46.5802 249.1383 0.01747888
person 218.4566 216.3396 245.4384 286.8302 0.0170949
person 313.7162 212.93 341.3514 290.4462 0.01637537
person 451.415 211.1665 469.7265 252.1308 0.01600518
person 296.5434 258.0203 329.5048 329.8958 0.01349427
person 144.3331 204.9774 170.0501 277.0186 0.01191671
person 186.6826 215.1002 210.6098 275.5942 0.01164983
person 490.0106 214.2447 540.4786 262.331 0.01105564
person 251.9318 210.4176 277.2798 263.0699 0.01100619
