person 198.4135 219.021 229.3992 287.986 0.88955438
person 84.2407 221.4068 115.06 291.3651 0.87041861
person 366.1193 209.5635 395.3616 284.473 0.77940786
person 227.7583 218.8861 257.2987 296.3568 0.7587201
person 42.538 223.8444 72.2032 286.3102 0.62460601
person 0.4957 221.1598 22.9115 291.4424 0.33795977
person 528.752 211.1945 553.4444 261.1662 0.13024575
person 552.8029 212.5396 573.205 260.6034 0.07513523
person 26.5653 215.4354 47.3394 261.3908 0.06411877
person 564.8737 213.4234 590.3608 268.7644 0.06381229
person 511.1922 206.2682 628.479 266.8218 0.03725227
person 212.183 217.594 242.1808 290.4635 0.02530368
person 598.1258 206.7552 634.48 272.7813 0.02255424
person 245.4607 219.3204 274.9366 286.7604 0.01943877
person 353.246 216.7689 382.687 279.5928 0.01219922
person 54.9189 215.0672 83.6437 285.6211 0.01134339
person 533.558 211.9893 585.6834 269.5375 0.01044853
