person 511.2126 214.0376 533.9646 266.7214 0.56164497
person 473.1706 216.9386 494.5241 268.8803 0.37002334
person 52.2963 212.0422 77.3182 260.8465 0.32562095
person 451.2573 220.448 470.3673 266.034 0.29673189
person 593.2788 221.3436 630.7842 316.1293 0.19829486
person 501.6322 214.207 521.3333 263.5083 0.14014997
person 400.3698 219.3575 421.0653 264.1146 0.11928719
person 434.6749 220.7025 454.535 263.2141 0.09049442
person 458.888 215.5315 478.8144 267.497 0.08500563
person 15.0243 202.4336 39.177 250.9241 0.04244071
person 491.0534 214.9664 510.3722 263.3928 0.03317832
person 2.8868 198.2732 97.1852 259.356 0.02988154
person 409.5791 214.8438 432.1026 263.6469 0.01994641
person 415.288 159.4943 439.997 215.192 0.01844105
person 33.6462 199.1882 55.6944 246.5924 0.01761759
person 44.06 202.5978 65.9429 248.5676 0.01678457
person 409.8642 214.5465 528.6138 271.1302 0.01416822
person 389.8374 214.7172 411.4071 260.8657 0.0111118
person 581.9217 243.0737 613.9622 303.8416 0.01081726
