person 51.9536 210.8193 75.8667 262.6138 0.4801428
person 442.2269 218.9354 462.2947 264.9865 0.42233977
person 473.8682 221.929 492.2647 268.1454 0.38813606
person 504.6214 216.6866 524.458 264.5149 0.37252456
person 524.8574 213.1192 547.7223 264.6003 0.34504771
person 482.441 221.7095 500.672 267.9234 0.25461209
person 490.4805 221.3114 508.9002 266.8922 0.21692874
person 399.4087 219.6564 420.8445 265.1338 0.20241314
person 600.352 222.3739 630.4642 299.7438 0.14882387
person 429.6546 216.8232 449.472 263.5514 0.05266687
person 43.2039 206.3715 64.3012 251.4917 0.03559748
person 617.6938 225.7125 639.0 293.4499 0.0336067
person 434.4228 216.651 556.7528 271.4516 0.02597448
person 79.0642 208.3099 100.353 255.5304 0.0245512
person 414.8788 159.7277 440.079 216.6095 0.01934747
person 33.7363 206.4531 54.9914 249.1646 0.01754153
person 457.3081 218.2679 477.3422 265.9296 0.01710362
person 512.9197 214.7653 536.7996 262.1586 0.01206335
person 29.1154 202.5085 142.4454 264.666 0.01075848
person 417.886 215.0083 440.4734 262.592 0.01055357
