person 505.1142 207.6394 531.4492 275.3449 0.70471728
person 537.5198 227.7328 558.0154 278.5205 0.2712777
person 251.1484 217.5301 276.5316 272.2892 0.23827595
person 115.1656 205.8414 137.3756 252.5863 0.15756023
person 333.4915 203.4706 358.2988 253.6157 0.05955739
person 517.5846 216.4825 540.4203 277.6531 0.04004944
person 474.2862 220.502 493.7364 268.2222 0.03042513
person 490.5803 216.2216 512.8399 268.8076 0.02843897
person 549.5706 229.7665 572.8526 280.8594 0.02107724
person 400.3112 221.5892 424.8724 268.9291 0.01110786
