person 291.16 217.4181 314.291 260.2391 0.41718158
person 501.2021 209.0775 531.0893 280.6542 0.08986529
person 370.732 207.9796 391.1914 245.1432 0.04294853
person 0.0 196.3438 36.5547 253.8779 0.03249333
person 303.8672 207.2963 442.8904 254.6613 0.02746111
person 354.4188 207.9704 373.1174 244.8324 0.02388521
person 426.5697 202.0665 447.5138 245.4414 0.01821511
person 128.5987 198.0362 214.1089 251.9864 0.01542368
person 548.447 199.2702 578.5264 272.2824 0.01411089
person 475.5452 3.4738 508.1876 85.7477 0.01409946
person 534.3834 57.3167 564.6506 125.0097 0.01183616
person 295.1486 199.1402 318.8509 244.8646 0.01128515
person 398.4281 203.2892 424.5418 256.3175 0.01019391
