person 583.0019 214.203 604.496 274.5123 0.52012038
person 505.2418 205.6937 527.5427 266.1689 0.46331695
person 529.6606 210.3284 553.285 275.207 0.44914019
person 562.2711 217.0958 584.6728 273.0827 0.40614444
person 107.4996 203.5056 130.8062 252.3957 0.34180561
person 602.5394 213.5096 624.0476 268.7461 0.13282105
person 612.3326 206.5573 634.4846 268.7758 0.07092365
person 409.9016 213.6033 434.471 260.5951 0.05478046
person 488.1222 208.6254 510.9297 255.4862 0.03158448
person 384.1622 210.7114 404.1988 252.0063 0.02293444
person 87.5525 203.1782 108.7614 246.5736 0.01944741
person 538.9696 214.0976 566.243 275.8766 0.01651542
person 390.5456 204.3801 499.9554 263.6394 0.01385113
person 118.2834 201.0509 139.3563 246.7428 0.01003763
