person 117.0737 222.927 156.593 336.6517 0.8697117
person 68.8244 215.8061 114.2385 331.9303 0.84115261
person 154.6913 227.2171 181.7198 295.9115 0.81965125
person 390.0918 224.8969 430.3718 331.6494 0.81897032
person 572.9323 211.3782 608.507 309.7605 0.12047485
person 306.0242 213.1968 325.407 251.4189 0.0825677
person 267.275 194.747 289.8287 242.3922 0.04343382
person 133.5915 215.6429 166.2745 309.424 0.02053365
person 290.9563 209.4684 309.7412 246.0368 0.012747
person 282.903 204.3975 302.0716 243.6802 0.01196856
person 98.535 230.2542 131.1315 318.7857 0.01168569
person 250.0268 205.0429 369.824 255.6309 0.01115596
