person 32.2685 226.6299 70.1154 315.4552 0.77206832
person 585.8718 212.0921 606.1898 255.8283 0.11062356
person 180.3075 217.723 199.3862 259.2557 0.05242912
person 616.6641 214.386 636.243 258.3172 0.03700642
person 162.5754 217.9361 182.6394 260.4367 0.02213491
person 217.8121 215.6148 237.994 255.4794 0.0195469
person 143.2891 215.2533 260.6196 269.8611 0.01817091
person 46.9149 254.9089 76.0986 318.8879 0.01536654
person 147.2434 214.2258 166.9534 252.6806 0.01461498
person 222.8131 220.0332 246.3308 268.8163 0.01454527
person 205.1503 214.2241 224.2103 254.6329 0.0103273
