person 144.4784 208.5184 184.2714 324.9448 0.80186319
person 407.2051 214.2923 440.3188 297.2225 0.79949075
person 177.1834 215.0839 212.9903 318.9215 0.59291285
person 202.9051 218.4701 239.4955 318.3764 0.41684681
person 551.9408 204.426 639.0 263.5445 0.08730417
person 559.2898 215.8455 586.496 270.6388 0.08022075
person 344.2052 214.6652 368.0229 261.0902 0.03781101
person 261.7358 212.9884 292.9536 279.2944 0.03535599
person 326.4258 214.3356 363.5983 271.4058 0.0294137
person 188.9743 254.5013 217.2934 316.7432 0.02517431
person 609.5998 212.722 631.8561 260.9335 0.02468389
person 177.9134 263.9389 205.2941 324.0581 0.02379634
person 590.6746 212.2655 615.9576 266.7178 0.02281699
person 410.1678 203.2899 431.0818 247.0877 0.01319225
person 154.9914 262.5305 185.0656 325.3228 0.01268481
person 167.3427 246.1587 195.9283 322.9068 0.01056223
person 214.475 210.7588 256.8813 303.6364 0.01007736
