person 443.861 217.1332 464.4172 267.506 0.51696247
person 52.0468 208.8738 75.0398 260.389 0.51426345
person 472.8235 217.2628 491.6178 266.3415 0.38413253
person 596.2629 219.089 628.7005 300.1666 0.36347961
person 491.992 220.2762 510.854 266.7991 0.28940353
person 397.0264 216.1734 419.4028 266.9708 0.28507251
person 419.8982 215.4336 439.454 263.4825 0.27656209
person 482.0524 219.3836 500.8632 268.5586 0.1573922
person 514.4695 215.0162 534.5768 261.838 0.12140459
person 505.4561 219.6437 524.5404 263.0724 0.10950367
person 409.7706 218.5994 430.2052 264.9816 0.0729837
person 44.2586 205.3087 65.7441 252.9343 0.07264607
person 456.2763 214.1969 476.1176 264.3924 0.06602745
person 33.906 205.3506 54.2911 249.6567 0.03086132
person 412.4392 214.3459 545.2262 268.4964 0.02958326
person 425.9808 214.5449 454.0712 268.5106 0.02158623
person 612.5073 223.3289 638.2306 300.1109 0.01535233
person 415.2478 159.7545 440.3485 216.013 0.01097497
