person 603.8399 211.0066 638.2716 303.1207 0.78508991
person 512.0824 202.153 533.667 244.7718 0.07067073
person 329.6863 168.3502 356.4151 226.5543 0.04695
person 176.1143 173.5332 202.4586 224.1645 0.02703458
person 271.1458 179.58 293.4446 226.8474 0.02102973
person 327.8842 206.4241 351.0024 249.4312 0.01908918
person 289.8445 181.9571 311.4523 226.39 0.01436853
person 360.0854 170.495 390.5922 236.7793 0.01343092
person 439.2688 187.9794 469.2626 249.1083 0.01186584
person 526.1617 202.4658 547.8565 248.464 0.01132383
