person 619.3142 210.0392 639.0 271.8613 0.19805288
person 517.5392 204.8975 540.334 250.2161 0.10098066
person 390.8301 177.2873 423.5927 275.2861 0.08882844
person 583.4189 224.3063 616.0212 297.1216 0.06794262
person 184.3359 218.1276 211.2958 272.3576 0.03416734
person 366.0142 205.3672 389.9362 265.688 0.03376433
person 479.3137 217.7838 517.7576 325.5646 0.02652382
person 331.3496 206.4717 351.1547 248.279 0.01679127
person 87.8034 202.7128 108.4079 246.8978 0.01655747
person 64.1042 204.8769 93.0332 264.4312 0.01582394
person 575.8072 195.1091 603.8115 265.4874 0.01408252
