person 504.267 215.9567 526.3218 267.976 0.45073467
person 51.7731 211.6104 74.3119 260.826 0.34659532
person 596.813 224.2023 630.9512 308.7344 0.15861943
person 474.7616 220.4624 498.1599 272.8492 0.14439259
person 451.252 215.5616 472.8576 256.3572 0.10779407
person 44.1419 204.0884 66.6054 252.4179 0.03226699
person 75.2327 206.1211 95.2405 253.4377 0.03099023
person 614.9294 223.6664 638.9565 296.9494 0.02348267
person 487.3676 218.8938 512.053 275.7006 0.0223983
person 185.7619 217.802 211.1599 262.9667 0.02190898
person 62.0697 209.3198 83.2855 257.6812 0.02144236
person 409.6418 213.578 539.1512 269.7836 0.01958525
person 28.9975 201.9157 132.7093 262.0995 0.01944313
person 468.7874 215.2301 489.6883 260.1937 0.01724135
person 412.8672 161.1846 441.0034 227.014 0.01662607
person 514.2654 212.1149 537.8352 264.1838 0.0127837
