person 532.2911 213.1643 554.8781 266.0487 0.57677889
person 501.9868 214.1892 525.1118 268.0989 0.54070085
person 53.177 210.0932 77.5995 262.4632 0.53664613
person 475.2575 219.5684 495.9474 268.7324 0.50404024
person 443.379 219.9742 463.211 264.739 0.31239223
person 400.0303 219.6242 421.2262 264.9576 0.17046018
person 597.0869 223.3542 628.772 302.1467 0.11971553
person 79.0533 204.7177 100.2801 252.6988 0.09061722
person 489.0248 220.2287 509.0494 270.2667 0.07122175
person 618.6081 224.0232 639.0 285.8672 0.03293461
person 428.8776 217.0139 448.7715 262.8659 0.02728902
person 43.7783 206.1078 66.0634 252.9233 0.02444405
person 455.1734 221.4446 475.1935 268.8557 0.02217272
person 410.2066 213.9347 432.686 264.2074 0.02117857
person 415.5005 159.8932 440.3486 216.202 0.01618982
person 412.1213 217.6016 583.6826 275.2364 0.01544652
person 413.4482 217.6448 468.7292 264.8111 0.01280367
person 391.0892 213.2508 413.1084 260.8955 0.01014662
