person 151.8915 216.7392 208.3061 387.7338 0.86043376
person 206.6166 224.9045 265.5473 376.4088 0.84355408
person 26.1319 224.8278 92.2646 436.7638 0.52429175
person 67.9299 219.5809 157.4368 474.5548 0.50336921
person 360.8069 211.6273 380.789 257.2171 0.43594211
person 369.6636 210.5544 389.3451 255.9292 0.17653918
person 100.1156 210.7156 147.2273 320.722 0.13351698
person 350.9258 214.1899 371.268 257.9053 0.09748579
person 0.6004 291.7812 28.3536 422.7622 0.08403348
person 0.1009 269.3149 26.7381 355.9266 0.01951013
person 115.2202 332.5138 149.0721 403.0751 0.01552052
person 39.3454 252.6812 78.2181 355.7427 0.01551014
person 185.9553 212.3866 241.8319 358.5979 0.01489968
person 157.6213 207.3437 190.9287 279.7449 0.01170347
