person 116.3117 191.4954 139.8675 242.1587 0.09483985
person 363.7925 203.8044 382.8844 241.9664 0.09093516
person 460.7968 201.1792 487.4656 265.2984 0.07285053
person 489.3696 202.3456 516.1208 263.9513 0.06230014
person 329.6565 199.4561 349.8927 238.565 0.0231661
person 31.0342 172.3529 57.99 226.1268 0.0217752
person 274.6398 188.2179 295.7936 223.8814 0.01770741
person 500.134 188.5061 524.7582 249.1284 0.01608187
person 590.143 92.9224 624.6313 175.5275 0.0134721
person 476.176 200.5557 503.8656 266.0345 0.01107713
