person 501.7798 203.1862 534.1036 282.5399 0.83429873
person 320.3669 196.8079 340.8151 234.9841 0.09559098
person 371.5456 197.179 395.0133 238.4752 0.09216131
person 272.8552 197.8405 297.8134 244.0828 0.05761029
person 441.2184 196.1151 462.7747 238.7638 0.03482559
person 619.2824 208.1953 639.0 266.8176 0.02526811
person 585.4336 216.201 610.0973 261.0849 0.02476187
person 284.8161 193.365 420.022 246.8876 0.01746372
person 430.7358 190.9952 459.8278 259.0065 0.01294224
person 354.4825 196.8783 406.2331 247.0216 0.01035172
