person 386.803 208.2 426.2692 314.6041 0.81204176
person 353.6742 209.9277 392.7778 317.0294 0.78807789
person 466.1828 221.4588 490.7308 279.0101 0.58223861
person 215.5233 218.2014 245.2637 279.4805 0.50290376
person 99.8545 221.9312 128.5534 285.484 0.2458896
person 3.6249 190.0201 38.9122 257.6312 0.20328996
person 123.1624 217.839 151.9576 283.8378 0.1311722
person 145.0881 215.5917 175.8908 283.6066 0.12883566
person 223.6111 230.9486 346.8033 285.0492 0.0405835
person 305.8017 237.9173 326.3882 274.8092 0.0276508
person 102.0799 219.5609 179.7913 289.1923 0.01483106
person 500.752 186.7219 528.036 246.293 0.01334226
person 360.4092 257.4948 388.0748 318.738 0.01106685
person 133.0916 215.3274 321.783 280.77 0.01040773
person 38.5243 207.3445 403.387 293.4796 0.01000679
