person 475.7138 207.4361 497.8856 260.6672 0.5149709
person 499.5078 216.7935 520.081 259.2676 0.19900274
person 429.9701 210.9766 451.3944 257.3926 0.15939513
person 610.0324 220.7326 639.0 321.8542 0.15522511
person 613.7066 188.0176 636.0863 240.2048 0.11372604
person 451.5868 198.0648 473.0658 256.756 0.10635012
person 403.6444 213.4891 426.4211 255.2266 0.05995201
person 490.0113 212.5182 510.5798 258.4954 0.0316404
person 462.8185 203.7026 487.8705 262.0894 0.02563156
person 579.4608 120.6539 610.4472 201.2835 0.02448603
person 546.1778 184.9759 570.5252 244.4805 0.02176007
person 418.0584 215.4006 439.2228 258.609 0.01977514
person 439.8798 203.2986 464.4941 260.1205 0.01675983
person 280.8572 183.6666 301.1904 222.1538 0.01410739
person 573.4202 220.1989 603.7469 295.6418 0.01398667
person 383.1538 202.5427 501.3582 256.6822 0.01323786
person 579.3844 62.6117 603.1798 111.3842 0.0102932
