person 51.0641 206.9823 75.3114 260.6903 0.57877457
person 591.6378 220.3492 628.3628 320.12 0.47013491
person 453.683 217.3982 473.0576 263.7148 0.22766303
person 400.5332 220.3563 421.6179 264.522 0.22624347
person 435.6672 218.3791 455.409 261.5272 0.1438507
person 80.0607 205.4848 100.3827 250.1894 0.04546763
person 410.4486 215.0418 545.9848 268.4989 0.04270406
person 476.3156 216.53 496.0942 258.4582 0.04128184
person 410.1908 215.2029 432.5054 264.395 0.03386842
person 425.9186 215.655 446.6953 261.5652 0.02258835
person 63.7498 205.9364 83.9801 254.2975 0.02189136
person 477.3922 212.5973 528.6884 262.7372 0.02009751
person 513.098 210.6126 534.2716 248.6947 0.01525743
person 610.2028 223.4785 636.5942 302.6068 0.01438346
person 410.4069 217.3403 469.1956 263.2472 0.01386995
person 415.2726 159.2123 440.1674 216.5012 0.01283887
person 463.9692 215.2439 484.6345 259.7392 0.01263074
person 39.9766 197.1606 138.8587 257.1363 0.0104393
