person 544.2214 209.9899 579.6595 299.846 0.79755527
person 519.501 212.5453 552.3542 302.9595 0.78367633
person 586.0816 219.0888 612.091 276.5422 0.55571234
person 197.8921 181.4579 226.6562 234.2581 0.24678391
person 262.4172 202.9529 286.7448 255.9014 0.18345641
person 281.1614 202.9281 303.4737 255.0008 0.09849783
person 362.2386 223.769 384.4756 267.5361 0.05109616
person 296.286 198.5908 320.5845 254.4681 0.03429489
person 367.6194 211.4028 396.3156 264.9519 0.01590284
person 610.6643 195.9506 632.3363 249.0364 0.01267923
person 596.6774 211.1989 620.0883 263.4483 0.01022224
