person 567.6882 200.8648 602.926 297.7374 0.83166617
person 454.5072 207.5864 480.1378 265.8404 0.73056901
person 512.0543 207.9489 538.1656 271.8686 0.64446443
person 533.3147 204.0353 559.7246 283.9088 0.55756891
person 610.464 207.738 636.1526 283.3476 0.52196664
person 550.133 200.9374 574.0894 270.0977 0.32467008
person 559.1514 201.7375 586.4802 280.5388 0.13581464
person 472.0825 202.0308 494.7973 255.2763 0.05990407
person 386.8685 207.4375 407.0566 247.4989 0.02537373
person 603.2994 201.186 627.2016 258.6755 0.02523988
person 351.9782 224.4579 375.502 270.8895 0.021212
person 581.5146 198.6393 606.9826 263.2266 0.01866202
person 361.1177 207.9579 421.9344 256.0756 0.01211054
person 492.808 208.5808 521.3672 280.9974 0.01163895
person 410.3654 203.0356 431.5506 252.0096 0.01103941
