person 526.7504 243.4383 586.9315 419.6174 0.85061413
person 265.7838 201.125 307.9619 313.9108 0.84985638
person 216.4963 208.818 253.8791 312.8179 0.84345084
person 329.3564 216.3948 360.032 288.0628 0.78582722
person 155.9778 204.734 196.3171 309.3036 0.78000641
person 588.8134 243.2466 636.7479 415.8439 0.61992484
person 511.1502 221.0719 532.2884 271.7278 0.57514942
person 528.899 219.6266 550.4416 273.7125 0.34958276
person 498.9216 209.5012 517.2099 250.1126 0.08141577
person 505.2519 214.3101 525.3678 257.971 0.0523228
person 341.153 208.2596 368.4555 274.351 0.03223416
person 606.6688 239.9698 635.4645 304.1572 0.0138925
person 187.064 206.4109 234.9913 320.6318 0.01198996
person 250.5078 203.7302 288.254 299.021 0.01013276
person 392.9993 158.2435 419.6178 221.8949 0.0100163
