person 466.2486 234.5005 528.0572 398.2364 0.85112149
person 122.7008 208.91 159.7942 304.7114 0.75911999
person 199.279 218.5645 225.9606 294.576 0.74393028
person 164.2983 213.8894 198.3901 302.5071 0.74086845
person 219.5219 219.7824 249.9395 297.6163 0.6740433
person 447.0302 224.8332 479.0114 305.3807 0.62999886
person 104.5284 214.5965 141.0267 311.1462 0.42328358
person 180.0403 219.136 207.1732 296.3466 0.06825245
person 435.4736 215.957 456.8358 270.166 0.01892426
person 476.9458 232.1862 512.4356 318.8997 0.0179257
person 480.5949 294.1737 514.6303 396.4627 0.01149064
