person 577.9806 216.2105 604.1673 297.9786 0.76925308
person 593.5641 215.0186 621.7073 299.1336 0.73790026
person 111.4748 213.8442 134.4027 268.77 0.55551386
person 615.0506 220.4265 635.8123 295.1221 0.36025643
person 130.6084 214.9113 153.2125 269.0354 0.33325249
person 544.5858 202.4358 571.0169 274.6362 0.25634438
person 248.0103 226.46 274.6654 277.293 0.21668136
person 506.1603 204.9364 528.3232 252.846 0.04060896
person 140.2522 217.4922 163.9047 265.6616 0.03719018
person 289.5343 201.3921 331.0585 257.868 0.02465419
