person 577.213 214.7762 607.8853 293.6309 0.85575384
person 551.134 212.6172 583.2818 295.645 0.81161582
person 612.8038 221.8564 636.3426 272.7276 0.47120288
person 272.2866 184.7369 296.9905 232.9622 0.11695984
person 117.1574 148.6732 142.3548 188.205 0.09103227
person 353.0265 198.7559 376.8044 244.2252 0.06011914
person 426.8504 193.2854 462.2572 260.4374 0.05285445
person 417.0937 222.4285 438.7743 264.9438 0.03001868
person 600.771 219.818 628.3374 280.7553 0.01586987
person 329.7224 205.7335 351.5342 246.3166 0.01483528
