person 557.0871 217.5674 587.8228 296.5715 0.7693342
person 421.5199 212.9765 459.9126 327.0838 0.68770635
person 496.97 210.8818 519.165 261.8697 0.63934749
person 479.5456 211.0903 501.1502 262.8295 0.51525539
person 544.1562 210.638 567.055 261.9495 0.30741695
person 448.5825 212.4579 474.7576 278.9454 0.24790807
person 428.3458 267.3504 457.8 336.4429 0.05225197
person 466.6702 211.1227 488.9439 263.5038 0.01194337
person 341.9545 251.3113 374.4755 340.4841 0.01136045
person 415.3351 222.151 446.1286 295.3229 0.01027453
