person 546.838 213.5802 570.8835 277.5066 0.72539133
person 600.6832 212.09 624.278 272.7641 0.71397173
person 570.8108 215.9292 591.7682 273.0139 0.62274349
person 582.3544 213.7173 603.4829 271.7231 0.38849175
person 506.2505 210.2359 528.626 261.529 0.38433743
person 529.2632 203.9998 549.4676 261.2612 0.08986893
person 536.5447 207.8998 560.6581 268.4745 0.04816521
person 102.8044 195.9084 132.7391 255.1206 0.04491246
person 495.0692 210.3856 519.3512 263.9003 0.01796752
person 610.6862 210.2578 634.8928 275.0744 0.01624064
person 32.8774 198.7212 58.826 250.9421 0.01048085
