person 443.1572 211.0444 479.7578 311.0744 0.7617231
person 467.8006 211.0336 503.7212 314.8988 0.72414893
person 525.5988 222.6812 551.9508 278.8419 0.4943158
person 215.519 210.1352 242.7364 267.777 0.33708167
person 100.5052 188.432 130.1544 242.8407 0.1576639
person 175.6505 221.1637 202.4188 274.5288 0.13900682
person 195.2801 214.2869 220.2712 268.4761 0.1221653
person 286.8671 227.3958 309.3 272.319 0.11613356
person 284.2059 229.3002 408.1288 284.3827 0.04001299
person 554.8446 189.6545 579.664 243.4861 0.01813812
person 295.7678 217.8298 318.9882 268.1382 0.01450235
person 330.0388 231.8042 350.0536 272.7464 0.01164591
person 483.4294 213.6698 514.4264 299.1221 0.01025497
