person 541.4536 212.7234 571.0264 291.2798 0.83545041
person 574.8554 223.1428 598.4105 287.4587 0.47956395
person 119.3215 210.0031 141.6573 261.0668 0.28452781
person 79.6384 210.7522 105.3258 270.3152 0.26721966
person 96.5516 213.1994 119.1391 264.2612 0.24665175
person 612.1646 209.7 636.0026 294.9953 0.23109838
person 600.3836 232.6648 622.1249 290.8909 0.15801783
person 344.438 208.4312 366.7969 252.9115 0.09952357
person 249.9792 227.182 275.9994 278.4222 0.09754441
person 554.5348 218.522 580.4688 287.0818 0.04244628
person 488.5176 225.9937 512.5568 277.6309 0.03053551
person 584.9776 222.3269 610.6056 290.8048 0.02835467
person 106.398 210.2993 134.0302 268.9493 0.02666522
person 412.3036 223.9799 443.5406 286.074 0.02088661
person 279.2472 201.4009 336.9191 257.3689 0.01445181
person 532.4256 211.6984 558.6267 278.2246 0.01382853
person 518.8458 206.4712 542.6038 271.6052 0.0107626
