person 514.7348 215.0218 536.689 266.0902 0.59710407
person 476.119 217.2963 495.4766 268.1445 0.3738834
person 451.6824 217.5345 471.3596 264.6504 0.25358093
person 500.4376 214.1511 519.7234 262.0304 0.23699495
person 466.8928 214.3342 486.8236 267.3214 0.17770061
person 395.6436 218.3499 417.5774 263.9096 0.13666737
person 434.7326 219.109 453.8692 262.8369 0.12620005
person 593.538 220.6146 631.9046 316.592 0.10786374
person 443.1726 217.2722 462.4078 263.4622 0.09265078
person 490.486 218.775 509.9822 266.7286 0.0644024
person 418.0656 214.1448 439.4508 261.9937 0.04352611
person 29.2218 204.5817 64.488 270.3415 0.03522487
person 408.266 215.7088 428.8297 262.4042 0.02828659
person 418.8595 210.3039 529.4906 271.8404 0.0208705
person 80.3853 204.4952 102.5411 254.6953 0.02013146
person 604.3512 219.2864 629.1164 279.264 0.01700853
person 54.7525 207.196 81.8516 266.3082 0.01597364
person 415.4224 160.1686 439.957 215.7806 0.01168064
