person 316.2875 218.8607 356.679 322.0368 0.83568245
person 147.601 222.965 192.4236 345.8058 0.77867627
person 194.7377 216.9302 222.1346 290.4458 0.76482987
person 244.527 217.0877 267.611 277.7022 0.63723862
person 47.8679 212.5179 74.9113 281.178 0.61637568
person 281.2027 210.0752 308.8147 271.4342 0.59092903
person 81.1161 208.601 106.8925 273.9877 0.52287537
person 405.9838 215.8131 430.6486 267.8379 0.51929545
person 492.8987 222.8574 526.4842 326.1747 0.46329528
person 231.1056 217.3602 252.6984 278.9512 0.44631097
person 564.8542 222.5833 585.389 274.362 0.41716269
person 472.5298 214.2633 503.9192 305.8635 0.3932566
person 517.3402 226.3183 551.0144 328.832 0.35985446
person 215.9267 222.0931 237.1566 283.9552 0.25694135
person 583.0804 233.0042 612.5816 303.971 0.22833835
person 544.2828 222.472 564.214 270.449 0.14251994
person 555.0559 223.4011 574.8906 273.7986 0.14038941
person 615.6062 226.7396 638.5896 290.875 0.09285098
person 63.5702 214.127 87.6609 274.9256 0.09194513
person 451.0506 208.9816 469.2303 252.2114 0.08184686
person 134.7967 214.6503 158.0349 265.178 0.08131812
person 93.1738 220.679 120.6362 280.2508 0.06493028
person 152.8351 216.1597 184.0672 289.413 0.06322917
person 0.6821 210.313 21.0927 254.7877 0.0624704
person 25.7847 210.9958 48.2448 260.2818 0.06173106
person 496.5148 278.1893 521.8578 334.3219 0.04730816
person 585.6863 205.2857 618.647 280.7122 0.0426932
person 205.4935 235.8182 230.789 293.7537 0.03602612
person 470.0328 212.011 491.614 272.0135 0.03302832
person 534.5882 215.8517 556.6394 266.936 0.02172348
person 412.4523 163.0266 440.16 227.3742 0.0183787
person 570.4714 226.4886 599.087 290.0921 0.01743151
person 475.0574 259.0582 498.9883 314.4962 0.01711182
person 333.0936 222.9584 361.8967 296.9002 0.01661393
person 30.7329 219.191 57.1713 277.651 0.01610476
