person 536.9663 201.5458 558.6556 248.9576 0.59362602
person 395.7645 204.7208 416.339 250.95 0.39216787
person 600.977 212.9258 624.8262 272.3942 0.27950293
person 496.4122 225.7275 523.1 285.3276 0.13249256
person 378.8031 196.7181 398.0757 243.5252 0.11192047
person 515.9491 132.4997 548.4688 216.3486 0.06565709
person 585.4292 204.207 610.901 264.5944 0.05793393
person 385.0594 199.2587 409.1662 249.3022 0.05057944
person 362.0347 192.437 383.3172 243.6301 0.02602186
person 448.6865 144.7578 473.5722 203.9428 0.02029409
person 518.125 76.7059 546.4568 137.3763 0.01616592
person 115.1185 197.8074 134.329 236.4014 0.01526612
person 348.6673 194.5615 368.4631 241.4074 0.0119823
person 144.762 192.479 165.7011 234.1888 0.01158396
person 472.9198 154.743 509.0526 249.4372 0.0111913
