person 150.6607 219.6372 197.181 333.3119 0.8526696
person 259.942 210.2076 280.5699 261.8919 0.71899778
person 363.6563 214.3804 384.8231 260.3888 0.47984532
person 243.9329 211.4 264.357 262.2137 0.45724735
person 323.9814 209.4233 343.3633 243.8405 0.05402618
person 158.3842 217.9033 189.0738 287.384 0.02374063
person 206.7601 238.9097 229.7525 277.7035 0.01536288
person 168.6555 256.3844 201.1321 333.3532 0.0123807
person 447.9894 251.3711 481.3757 334.6186 0.01235828
person 149.721 261.409 178.7194 333.426 0.01099459
