person 520.3996 213.0109 546.7382 278.1859 0.83688307
person 539.9453 209.1741 569.9954 283.3839 0.67553043
person 11.3548 184.7078 39.7458 246.2679 0.10789917
person 125.1635 196.3164 148.9153 243.0898 0.06575902
person 602.822 187.4063 636.2562 270.4066 0.026979
person 338.1538 206.0116 356.6382 242.6502 0.0250815
person 472.9956 178.2998 501.0592 250.712 0.02004159
person 411.7417 237.0015 432.374 274.6004 0.01812897
person 397.1395 206.3791 415.2804 241.2107 0.01531432
person 2.5752 198.5914 28.5537 257.3518 0.01151527
