person 547.6858 205.8185 577.7667 274.7149 0.69776297
person 582.0905 209.425 608.4208 268.9496 0.32065099
person 418.7381 196.9079 443.1336 248.2286 0.26176304
person 532.1078 204.106 556.8228 266.8518 0.19017981
person 95.3778 191.0606 120.1589 231.7919 0.15125695
person 511.0472 202.4358 540.6349 271.3734 0.15030098
person 12.5941 199.9881 38.6954 245.2454 0.10402463
person 117.236 193.4022 139.4556 230.3256 0.05316621
person 205.6809 199.9274 224.7274 231.4531 0.04363046
person 569.6894 206.7311 597.3855 271.7522 0.0344924
person 167.2201 184.5249 190.2381 223.6717 0.02518498
person 374.9633 198.689 397.9048 234.6456 0.02405571
person 82.5677 187.9293 219.3984 241.8423 0.01513177
person 1.9395 189.5665 43.7594 270.2023 0.01492306
