person 523.8438 220.3757 545.6649 269.9394 0.64341819
person 52.3972 210.0436 77.6525 262.6368 0.61200929
person 596.0102 224.1287 627.2063 298.4843 0.55866444
person 474.501 219.0332 493.8672 269.0886 0.51892054
person 500.6059 216.7703 519.073 265.5499 0.438903
person 442.9864 220.3168 462.533 264.7865 0.3602052
person 490.9774 216.7233 509.8135 266.0375 0.23972198
person 398.9096 219.4552 420.0228 264.2376 0.2312039
person 515.3388 218.8354 535.9896 267.3254 0.20530584
person 76.9582 203.6248 98.7653 255.1078 0.0913811
person 15.5016 200.1009 38.4355 247.9159 0.0876425
person 428.9033 217.8325 448.5794 263.0754 0.05469447
person 613.3714 225.7622 637.9361 300.1704 0.02311174
person 415.1123 159.1586 440.3669 216.8761 0.02002481
person 408.7366 213.429 430.5915 263.7466 0.01824683
person 418.6342 214.8858 440.6183 262.0008 0.01771057
person 412.245 217.1354 540.2518 270.5889 0.01558834
person 457.0428 221.1685 476.7288 268.3139 0.01508536
person 5.5667 203.1319 28.0647 251.7863 0.01406811
person 266.5814 210.0579 290.8021 251.9694 0.01404115
person 418.4815 219.9276 464.5974 269.5752 0.0131284
