person 74.6872 216.2286 104.5877 285.618 0.82479787
person 103.7567 214.796 133.396 284.6283 0.8103447
person 178.3547 216.2942 208.871 298.8417 0.7822057
person 156.7186 218.9623 184.3656 297.5266 0.74515253
person 537.5677 219.6302 560.9019 280.5456 0.74360019
person 434.0818 235.3919 482.1128 346.1861 0.72791302
person 294.4199 216.9533 342.5668 360.2271 0.68669266
person 327.9346 234.3618 372.6304 366.19 0.67875916
person 558.172 220.5426 581.7982 282.1834 0.60887283
person 488.5348 215.3794 509.3202 269.2032 0.59786129
person 36.85 215.8662 60.0754 272.1104 0.49366647
person 580.5878 218.4077 613.4303 298.5198 0.43932188
person 511.9152 215.7464 532.6946 270.8772 0.43481472
person 380.4552 216.3103 406.5678 276.9511 0.3737416
person 141.7769 220.0966 166.7571 287.3459 0.32892123
person 470.5255 213.727 490.6948 264.4881 0.30435807
person 353.9411 223.3404 379.1779 285.2648 0.26214063
person 2.2983 218.8928 25.6801 276.1239 0.2589387
person 26.5627 218.8544 48.6396 272.75 0.21795718
person 496.9638 217.4252 518.472 274.9106 0.15771031
person 597.8968 216.5185 631.0442 310.4841 0.11278507
person 295.1319 213.5076 327.9566 297.0322 0.11276984
person 302.7445 279.1205 335.3456 357.5594 0.07817253
person 365.9992 218.8622 393.8095 282.7825 0.05172836
person 117.4956 225.5405 141.3725 284.8156 0.05045509
person 412.6585 159.7287 441.1166 226.8476 0.03867581
person 66.7784 212.2414 91.5915 271.8714 0.0314868
person 46.5562 207.0441 69.8489 266.426 0.02905904
person 132.1838 214.0789 155.5984 277.0406 0.02231057
person 57.5796 206.7482 79.7333 263.1854 0.01768691
person 520.0644 223.5589 540.0294 275.1864 0.01747227
person 527.0966 208.3588 553.0786 275.606 0.01451241
person 338.3086 297.1704 370.6312 372.6915 0.01304338
person 344.0068 213.1351 388.4235 305.5278 0.01252154
