person 618.6806 215.0374 638.823 279.5033 0.44273856
person 367.2818 200.7746 390.1193 246.1806 0.23006175
person 531.7882 213.6439 562.758 299.5487 0.21303667
person 584.7612 241.009 606.3004 283.2766 0.07879274
person 537.6379 230.4151 578.071 323.2696 0.06682526
person 466.6466 221.1402 487.3871 256.9735 0.06175927
person 428.0688 213.7269 450.4068 256.0648 0.05877639
person 599.4695 86.3495 629.7715 156.6984 0.04166412
person 507.8763 218.9122 528.9186 256.737 0.03965122
person 7.9085 184.6852 34.278 242.5605 0.01700697
person 346.7868 196.635 366.8148 237.2118 0.01637291
person 551.8101 254.6385 587.3797 336.5732 0.01598293
person 355.9588 199.6812 377.764 245.7182 0.01315916
person 331.1944 195.5217 351.645 235.6739 0.0109907
