person 68.3452 210.2355 113.3112 315.3192 0.81440729
person 517.0915 218.9896 555.7585 309.7934 0.80542606
person 346.3905 221.28 375.39 296.4566 0.79648829
person 292.974 210.5838 329.8797 313.6955 0.75971341
person 601.9763 210.6958 625.8858 275.1426 0.69457072
person 236.1472 215.4074 257.7478 265.1854 0.61348671
person 435.2536 222.2596 464.0771 306.6804 0.60948044
person 579.784 218.059 604.3249 277.9426 0.59861928
person 465.167 228.1794 491.9233 305.7232 0.57786191
person 482.349 229.0462 508.0092 304.2511 0.40255022
person 204.144 215.9545 224.4935 264.3736 0.3714543
person 280.0098 211.2052 309.6318 299.9554 0.32911026
person 27.4686 219.021 49.2674 270.5228 0.28498918
person 510.3204 242.5623 535.0922 308.7482 0.19542046
person 8.4395 217.7604 30.8031 269.708 0.19488837
person 194.4115 216.8606 214.4818 263.9294 0.11821634
person 18.5766 220.5562 39.6215 272.6122 0.10723969
person 38.3449 212.9583 61.2691 266.5786 0.05719553
person 215.5867 215.12 236.116 264.5379 0.04154035
person 445.1618 209.7787 478.4776 302.526 0.0340892
person 590.5732 218.4734 617.703 279.6595 0.03356509
person 413.5466 160.9562 442.2334 224.2279 0.03313374
person 74.1954 205.4899 101.6189 276.7374 0.02857454
person 459.2578 248.3333 481.7414 308.0285 0.02708347
person 83.5573 248.6698 118.2478 319.9835 0.02628711
person 493.5695 248.3542 516.1876 308.3084 0.02371623
person 359.7482 216.3773 381.7417 267.2421 0.01943798
person 308.3922 209.474 356.1672 317.2688 0.01920854
person 445.2621 250.593 469.0102 310.1091 0.01513408
person 441.5184 211.4099 465.1074 267.287 0.01338951
person 45.1137 202.4939 68.2071 254.9253 0.01213124
person 202.9266 210.2691 272.8832 268.7408 0.01163639
person 275.7142 240.4826 299.4896 291.5436 0.01019861
