person 440.8698 217.3072 462.7205 266.8557 0.49680117
person 51.0697 209.8646 76.6958 262.163 0.46157765
person 473.4352 216.9202 492.8886 266.837 0.4405773
person 596.1476 220.5196 629.3398 302.1986 0.36283958
person 493.1862 223.2758 511.4054 266.9048 0.3276765
person 399.7208 218.1017 420.4458 263.6325 0.19138125
person 416.969 219.2894 436.117 263.3197 0.15670705
person 511.5548 215.5076 532.2742 263.8174 0.15667826
person 18.6384 202.7376 41.3503 248.3684 0.11093528
person 481.2876 218.589 502.0076 270.966 0.08890357
person 425.7398 219.7387 445.0136 265.0916 0.05016346
person 458.0812 213.6657 478.1338 263.5735 0.03696924
person 405.9568 216.4672 539.2331 270.3325 0.02674149
person 75.5159 203.8544 97.1988 254.9164 0.0235879
person 414.9597 159.3403 440.1266 217.0742 0.01843773
person 613.4486 216.5808 639.0 298.4893 0.01209755
