person 349.9714 211.5693 395.6563 332.2958 0.78528309
person 575.337 226.8919 610.6296 317.0098 0.78332442
person 10.6623 215.4869 98.2323 446.8565 0.60475028
person 399.4761 208.5416 427.4862 283.9821 0.55487227
person 381.1031 209.4618 407.2426 279.7668 0.54932129
person 499.9241 220.6447 530.2526 284.4172 0.20490572
person 362.3332 209.863 390.5211 282.7959 0.06569026
person 614.9076 237.7822 639.0 318.5982 0.05422039
person 355.9752 263.7198 386.594 335.1347 0.0476553
person 412.902 214.1964 440.3528 283.8152 0.03061771
person 51.9157 213.0803 105.3039 371.8834 0.02722718
person 14.7733 222.6882 70.203 365.7362 0.01690011
