person 63.2824 209.5138 110.1164 330.1356 0.8488543
person 440.8338 219.7903 471.4578 295.2804 0.82236212
person 388.298 221.23 421.5579 306.1822 0.72011191
person 370.638 223.0529 403.9906 298.9376 0.41871205
person 534.8634 215.8871 564.6184 283.6148 0.2807664
person 240.2756 215.4281 278.0348 308.8728 0.20662539
person 549.2552 205.8852 635.2316 269.4506 0.0658391
person 573.0202 209.6912 600.8144 274.1016 0.05929879
person 319.8471 207.8769 357.0612 297.6454 0.04726644
person 81.4637 238.8264 119.9116 324.2956 0.04376131
person 605.4286 211.3564 631.5268 266.2285 0.02574345
person 541.239 210.5359 591.8852 278.0149 0.01917749
person 453.078 215.8728 478.8782 278.2344 0.01771125
person 4.6149 151.1551 40.0942 236.2132 0.01057395
