person 441.4784 218.1599 461.6259 265.9107 0.54019821
person 52.8408 211.6678 76.5429 261.7483 0.51644284
person 475.6644 218.2182 494.2144 266.5636 0.44471523
person 497.5148 220.758 516.7693 265.5516 0.3970446
person 597.5318 218.2244 630.7868 306.8647 0.30037463
person 399.4338 220.1416 419.4211 265.1713 0.22061595
person 467.471 215.5332 486.5802 264.0213 0.16189489
person 411.6122 217.4702 430.2709 262.6732 0.15624636
person 506.1718 219.99 525.0211 264.7703 0.14205746
person 513.6688 215.8 533.7849 263.6257 0.12879178
person 80.4252 204.2566 101.6056 254.0671 0.10680092
person 427.2676 219.376 445.9469 264.7774 0.06097056
person 412.5478 159.7367 441.3547 227.9961 0.04190115
person 412.0748 211.4041 532.1017 271.1574 0.03268176
person 458.9078 216.987 478.2332 264.8928 0.02735126
person 43.4682 207.8024 66.3509 255.2756 0.02685948
person 62.0098 205.4832 83.987 255.3356 0.02130648
person 378.3586 211.664 398.1936 255.5044 0.02070112
person 0.0 203.72 21.8717 254.5466 0.01411733
person 449.23 210.8006 470.7028 260.1941 0.01352194
person 589.3866 202.6401 619.3017 264.7058 0.01179694
person 412.8996 220.6322 467.5912 269.1264 0.01121383
