person 608.1514 212.9674 633.3935 278.6532 0.3075285
person 50.0087 205.2282 71.4525 253.7635 0.20945811
person 556.3874 213.3439 585.8698 283.5737 0.11672416
person 65.2353 201.3204 86.751 245.6436 0.0550785
person 24.5085 200.1751 143.184 258.7848 0.03080176
person 447.0128 285.5628 475.9565 340.8965 0.02903308
person 390.6011 203.5829 415.5535 256.3056 0.02702965
person 546.525 206.5636 574.8314 268.7709 0.0200034
person 32.1958 204.8363 57.129 257.5489 0.01682713
person 454.7065 209.853 519.6406 264.5992 0.01443847
person 485.9878 209.1714 512.3869 258.7815 0.01281164
person 564.7518 225.8747 595.1559 300.7959 0.01104518
