person 94.5557 204.9164 118.0134 253.1104 0.48631582
person 586.9948 217.0801 614.8804 282.3902 0.32241353
person 554.5981 204.7941 585.5594 271.6588 0.30071586
person 454.2762 209.4816 475.3784 259.6586 0.18707077
person 439.4482 209.1013 459.4552 257.3474 0.0951861
person 419.3117 215.8908 438.8209 254.2113 0.08919828
person 392.8558 213.2704 413.3306 254.6392 0.06706049
person 72.6035 196.481 91.7177 239.5668 0.06415194
person 480.1156 210.1043 503.1116 260.0964 0.06151905
person 500.3562 210.91 522.4915 255.1224 0.05639948
person 409.7864 206.7242 536.9145 265.6786 0.04320434
person 526.788 208.8433 550.0006 251.5522 0.04179594
person 570.9254 209.1666 603.4772 279.135 0.03319571
person 473.7235 209.1904 550.6017 260.4086 0.02001748
person 442.578 206.9778 475.0113 291.438 0.02000888
person 84.4529 202.5086 106.8444 247.8492 0.01747108
person 495.359 200.4856 592.4616 269.7502 0.01633216
person 401.7158 211.7136 422.5986 253.3416 0.01412128
person 56.4601 200.7158 78.5155 246.4545 0.01374143
person 406.7223 159.901 431.9538 213.2892 0.01206676
person 597.9546 208.6407 622.8838 268.9057 0.01095904
person 31.6795 193.9481 140.431 253.9241 0.01030529
