person 501.906 149.1125 531.8122 229.48 0.13617241
person 423.3414 202.3568 445.1248 254.8323 0.12202179
person 472.3328 159.9425 495.3001 213.1775 0.11656376
person 47.2717 191.3087 71.1073 248.3538 0.0863428
person 66.9085 174.9087 88.6492 228.4885 0.07319622
person 55.299 182.2779 79.5821 238.251 0.02564868
person 151.9988 197.481 175.0659 238.7446 0.02083779
person 413.1691 204.0076 432.906 249.3751 0.01479775
person 337.7583 199.2962 358.4714 237.6438 0.0145036
person 394.105 203.1614 413.4874 242.2262 0.01450106
person 282.952 185.2916 302.7868 221.2973 0.01276354
person 606.0118 0.0 636.1206 65.2449 0.01108758
person 378.5518 203.9606 399.1302 243.8936 0.01101138
