person 546.063 205.3408 568.5874 257.559 0.65425801
person 517.0572 205.4401 538.8548 253.8501 0.42145753
person 583.999 207.4108 605.7514 255.577 0.28973764
person 617.2658 204.3834 638.836 262.5226 0.2113594
person 475.5142 207.5955 494.8102 245.1466 0.05481804
person 561.2884 208.2173 581.4126 252.4841 0.05132516
person 557.3214 208.1356 612.667 260.149 0.02090003
person 464.8506 203.0977 506.8774 249.0869 0.0182399
person 460.173 208.7838 637.2022 261.6056 0.01606408
person 570.4367 209.3544 589.7912 251.2178 0.0117516
