person 484.1726 217.5807 511.7474 279.9993 0.83738351
person 91.6292 216.1131 134.2273 307.0392 0.72441572
person 436.9501 209.6331 459.7826 256.6836 0.42703956
person 416.0702 208.1025 436.1314 253.2166 0.32265472
person 378.8692 209.9853 399.6041 255.1152 0.25285318
person 5.7352 197.3272 36.3277 263.4675 0.09344587
person 401.1352 211.7878 419.7376 253.8178 0.08458848
person 345.8921 208.2492 484.5672 258.8293 0.06834561
person 424.6598 207.7085 446.1476 255.7174 0.03991274
person 393.711 209.8754 448.5818 257.284 0.01319758
person 108.2493 251.4268 138.831 311.4276 0.0117428
