person 565.1167 219.5039 588.8441 285.6015 0.71227324
person 532.8094 214.9129 556.3213 267.2598 0.69300115
person 251.553 218.4579 272.9419 263.2825 0.43623883
person 469.3914 212.4544 487.42 258.7208 0.36139229
person 493.1553 212.1214 512.806 258.3544 0.30502462
person 25.1126 212.8292 46.6388 268.1565 0.25651354
person 2.214 215.638 24.0008 267.4317 0.20812409
person 40.7297 217.3774 63.833 270.987 0.19903782
person 56.4993 208.2781 82.5005 269.9904 0.18049897
person 483.8272 211.9119 502.1537 259.4533 0.09342299
person 596.142 210.9344 620.974 268.4442 0.07914664
person 582.4174 219.7617 604.4131 283.6319 0.06343567
person 213.627 218.3964 236.5876 263.3395 0.04531893
person 451.4042 212.6942 469.7081 255.2859 0.04287378
person 436.8718 209.4793 554.1187 266.5234 0.02658615
person 8.0046 208.5122 82.8055 268.9506 0.01807819
person 412.3248 162.9904 440.1548 227.9965 0.01531365
person 80.203 202.5284 103.0495 255.6485 0.01264347
person 501.0727 211.9799 523.8795 262.7752 0.01254071
person 69.0744 202.3159 92.9509 258.045 0.01156928
