person 340.2108 219.9465 364.9572 279.4894 0.75276488
person 174.8256 214.6755 199.7454 272.6857 0.74236953
person 154.7778 210.7036 178.6903 269.1005 0.5907377
person 13.6473 218.4638 55.8481 327.9993 0.29032946
person 277.3804 208.9092 298.0153 245.1427 0.05009333
person 566.1349 152.799 590.0929 200.4603 0.01951219
person 247.9362 189.3972 270.6859 238.5961 0.01606881
person 258.8152 199.6272 277.1207 239.0834 0.01595992
person 421.384 212.3426 445.478 263.984 0.01384587
person 137.7548 217.5985 166.5418 273.7412 0.01292883
person 411.9391 131.1188 440.9246 196.1776 0.01020645
