person 435.7312 210.8978 458.6018 269.5506 0.35443383
person 553.4536 216.7101 584.9842 290.2102 0.24093421
person 385.9735 215.928 412.6972 281.884 0.2171469
person 166.136 206.174 188.9532 247.1414 0.21278727
person 248.0452 226.425 277.2766 288.1723 0.06737633
person 414.7263 217.2122 436.7813 272.4888 0.06176232
person 547.7597 221.6858 572.0566 271.7962 0.06074325
person 426.085 215.3354 449.2682 275.289 0.03659285
person 223.2388 230.4285 248.0309 277.6253 0.01469197
person 399.3703 216.3753 425.1923 276.0402 0.01418714
