person 592.2207 202.5369 613.9625 252.4858 0.615668
person 551.3167 207.2386 572.8408 258.863 0.47208419
person 572.5844 204.5927 592.0944 253.2078 0.34646767
person 561.6974 205.1427 581.4645 256.8188 0.17205131
person 468.1402 197.5268 496.9676 254.8906 0.03127638
person 540.6343 205.8438 563.6808 264.1506 0.03105623
person 195.3972 216.5187 218.0795 259.7767 0.02460045
person 19.76 200.4004 43.2724 244.096 0.02442303
person 383.8893 220.0897 408.2608 266.4529 0.02321388
person 16.2541 243.788 43.2096 303.1042 0.01923802
person 306.7208 211.3337 328.5237 250.178 0.01058657
person 528.1794 200.4142 556.1244 276.5856 0.01041655
