person 577.7021 207.1894 600.5006 257.716 0.22916852
person 76.5852 214.9965 105.4191 274.0284 0.09297625
person 36.0059 207.9664 61.6358 257.8914 0.06833012
person 4.1317 204.4483 28.1128 256.3438 0.06819508
person 87.8836 210.7915 117.3217 269.5566 0.03576257
person 527.6576 221.254 552.0312 262.4842 0.02688294
person 498.458 222.0094 638.3094 271.6153 0.01843967
person 0.4414 205.4871 102.8228 266.8169 0.01744756
person 491.9118 221.913 512.9159 262.0248 0.01481079
person 329.2119 247.1934 350.3172 287.1761 0.01201917
