person 564.4047 210.5184 597.283 279.7707 0.60597533
person 402.7742 215.0673 428.3858 271.2171 0.5966866
person 361.6385 212.1307 381.7294 249.2792 0.15067402
person 546.5959 232.9814 568.3246 269.5578 0.07176051
person 551.5531 220.4933 581.5152 274.7964 0.02589777
person 332.0632 207.3459 351.3478 239.0982 0.02343598
person 395.7118 214.3607 418.2118 257.4748 0.01301355
person 349.1212 211.8832 368.677 247.2139 0.01221299
person 317.3494 207.2785 398.526 250.6659 0.01170577
person 322.3475 204.8398 341.2356 236.639 0.01128532
person 388.1697 213.8972 407.4734 252.1033 0.01073434
