person 536.0256 209.0541 561.2879 280.4402 0.19041905
person 573.4589 212.6089 602.5949 293.2156 0.1632382
person 512.14 213.6592 540.0342 278.7684 0.13776775
person 594.7192 203.0342 620.9106 258.6217 0.12820911
person 570.1554 207.8786 591.6878 267.5996 0.11858774
person 546.6482 205.3468 569.788 266.0778 0.10660797
person 557.2293 210.141 583.6142 283.4189 0.04670984
person 521.8379 211.6523 553.3554 294.7009 0.03729037
person 529.003 200.903 553.0167 256.1596 0.01662768
person 562.8922 198.9742 586.0376 250.9459 0.01506707
person 79.3245 199.3575 103.2926 244.772 0.01499235
person 557.8775 192.7812 617.1394 259.5236 0.01048171
