person 531.0854 227.6857 560.0071 300.5158 0.82100397
person 431.134 214.8431 453.128 264.7648 0.60320985
person 463.6121 215.3285 486.9726 268.8506 0.5180009
person 383.2828 217.2945 405.5433 266.6841 0.49786016
person 408.2702 219.6436 429.0538 264.7064 0.35915533
person 522.878 220.0797 548.7726 283.1356 0.05857616
person 417.7946 216.2174 437.4413 262.9481 0.02872775
person 370.9393 214.5382 496.4108 267.2854 0.01832881
person 450.3741 214.1984 472.0636 263.959 0.01543372
person 374.0884 217.62 394.5296 264.6858 0.01160474
