person 223.9653 207.5022 271.9771 337.624 0.83672249
person 337.4306 216.9324 370.2977 294.8893 0.82953453
person 298.7097 200.7594 346.7865 341.6488 0.81012702
person 126.5558 205.8994 176.9076 335.8736 0.75788993
person 534.3934 223.3144 558.181 285.3776 0.75019646
person 555.441 226.5187 577.6381 284.3902 0.60899156
person 509.295 211.5748 528.4656 251.3452 0.1722212
person 499.9962 198.8531 520.401 242.1022 0.04398413
person 319.2618 261.7004 348.0188 334.9183 0.03091019
person 599.6249 171.9933 628.8222 229.0922 0.02434305
person 325.739 201.3259 380.2204 331.2898 0.01784046
person 304.4596 264.4245 332.2496 335.9783 0.01655355
person 374.8418 212.5995 396.7961 254.4684 0.01515326
person 245.2466 213.1606 290.4906 328.2425 0.01240184
person 523.1334 219.885 545.727 269.817 0.01145548
person 422.7934 192.4411 446.5328 236.5143 0.01040115
