person 297.2806 209.4632 331.6289 305.42 0.78919798
person 272.155 211.4864 306.9906 303.7558 0.76642269
person 583.5814 220.8064 638.5606 481.0126 0.59701264
person 336.8455 212.1285 359.4845 258.0967 0.4462533
person 606.4195 387.4571 639.0 472.2342 0.04904512
person 378.2206 213.6473 401.4344 259.4369 0.04160968
person 607.7676 292.0087 639.0 423.8976 0.03402813
person 156.4555 200.7235 194.4758 289.4386 0.02220183
person 288.7528 215.6052 316.0494 296.6668 0.0191682
person 395.3779 129.2588 429.9305 222.5378 0.01663493
person 423.7724 216.915 452.8932 284.8216 0.01533067
person 590.4206 266.4058 629.4773 375.522 0.01292208
