person 512.7566 220.2784 556.7862 351.018 0.83617753
person 176.3108 205.8213 209.5692 292.6562 0.82667518
person 209.3662 202.4164 248.4254 298.5435 0.8050999
person 255.3707 206.899 290.4154 300.5064 0.78977531
person 54.5381 218.7081 124.0013 411.6944 0.78733122
person 461.2802 227.7806 504.8854 350.6274 0.78190702
person 342.5863 215.8646 371.0587 282.4743 0.75267744
person 524.4535 218.7955 551.4895 289.1102 0.30095756
person 506.1381 212.7183 530.4245 279.1645 0.16288741
person 200.2867 207.6336 229.6594 287.892 0.02202119
person 227.3756 203.8268 260.5556 288.4245 0.01604767
person 369.1337 206.7028 390.6244 255.2282 0.01488684
person 569.2138 154.3532 596.2083 210.5371 0.01090927
person 355.4218 208.6443 384.0969 268.6899 0.01071886
