person 492.24 207.4105 515.6322 256.8222 0.46721923
person 377.1544 210.7092 400.091 255.2275 0.07997172
person 2.4324 210.7115 25.675 260.7972 0.04113754
person 537.7805 64.9602 557.3534 107.7279 0.02349312
person 0.0 207.7294 113.9057 258.6429 0.02019078
person 258.0818 176.4241 291.6342 235.9598 0.01986455
person 353.0444 205.5117 375.2758 250.2114 0.01828242
person 474.9686 144.3748 510.3689 232.0193 0.01766053
person 145.6148 208.5102 169.1963 253.6221 0.01679525
person 24.673 214.653 45.8455 257.5209 0.01506077
person 327.885 197.5412 407.4176 250.2612 0.0140417
person 329.9931 195.5282 353.6243 245.7496 0.01388013
person 564.3046 47.7452 592.2668 114.971 0.0113543
