person 349.3022 231.9588 403.7539 393.9986 0.70740002
person 424.8866 234.9315 479.7614 410.1934 0.681382
person 396.3865 253.8056 434.6392 397.8166 0.59461784
person 368.748 293.0983 403.1298 391.3929 0.22794835
person 383.7395 253.3662 417.2842 356.1646 0.16077791
person 423.152 214.6068 451.401 294.0505 0.15947045
person 420.8818 246.6516 455.979 360.2486 0.11805799
person 359.5987 216.0694 382.6192 266.9932 0.09261686
person 396.6658 231.2694 424.8158 287.8416 0.01619788
person 435.4712 221.906 471.5982 327.2861 0.01571984
person 252.7401 213.8188 272.0804 253.6259 0.01379096
person 448.3214 219.4646 471.8746 280.7103 0.01237027
