person 107.3996 220.3344 131.6013 283.1812 0.81041294
person 473.6588 229.0306 530.6756 365.9501 0.7954846
person 84.6074 218.5545 107.186 280.9218 0.68998361
person 208.9708 220.7284 233.1563 278.3478 0.67808777
person 391.5881 217.9819 415.5777 274.8229 0.65809149
person 240.5124 214.041 264.4366 268.9715 0.61201966
person 1.0874 220.8136 26.8596 302.103 0.56122416
person 22.0701 211.1874 51.8528 278.8908 0.49956861
person 469.1036 215.5986 489.4408 265.7854 0.41636148
person 600.7734 223.6526 629.2051 289.8216 0.25404632
person 220.0636 220.8667 243.4084 276.2606 0.24365753
person 64.2818 217.3317 86.4709 272.9395 0.21203081
person 75.3459 218.25 97.1421 276.9386 0.13532366
person 52.035 212.1773 74.6835 275.747 0.11336201
person 505.8274 212.5419 531.2159 268.2094 0.10098452
person 36.1817 217.0802 61.5651 278.7352 0.08383168
person 491.2228 210.7513 513.6018 272.2988 0.06276792
person 96.0297 221.4148 121.1054 282.6074 0.0542555
person 615.677 223.1179 636.5149 283.7114 0.04677665
person 480.7568 212.0764 501.418 268.6987 0.0392258
person 412.1802 160.9007 440.3051 227.846 0.03737937
person 439.0739 210.8729 459.0542 253.5501 0.02294367
person 116.8675 233.6514 140.5315 285.1269 0.01517729
person 416.5519 211.3494 440.2101 262.0693 0.01092376
person 49.3853 210.4239 110.0028 276.9814 0.0108484
