person 571.761 214.8918 616.1022 337.0301 0.7532807
person 536.0528 222.5581 575.3513 339.2384 0.7056663
person 493.4078 222.1675 529.496 313.3868 0.54107952
person 140.8249 196.2128 172.7023 265.2782 0.1349995
person 327.4643 219.5018 363.5364 280.4018 0.11674096
person 526.3117 215.221 559.8249 311.6542 0.06058856
person 537.047 275.0991 565.7528 337.7583 0.04484286
person 508.6676 237.5397 537.8954 310.2141 0.03012464
person 596.0193 275.6408 624.6972 330.5055 0.02442618
person 129.8413 200.9671 158.96 269.7922 0.0162553
person 84.9779 209.9874 123.963 287.9534 0.0161127
person 235.3441 201.1419 276.9728 270.3596 0.01528407
person 4.0374 181.8503 39.4011 260.9437 0.01313906
person 553.7392 225.1391 587.2922 329.9003 0.01204149
person 99.5061 35.3997 136.0275 117.9263 0.01036669
