person 526.8117 170.111 556.9748 246.2683 0.16485254
person 553.6825 220.8176 585.2388 284.908 0.08318874
person 93.4361 176.1509 119.4143 234.646 0.05969408
person 286.2438 183.8034 309.1902 229.8816 0.02476356
person 264.4298 234.6939 290.1665 288.2248 0.01956169
person 152.2796 183.9232 172.5093 222.1732 0.01953028
person 234.1612 177.319 257.712 228.8144 0.01775798
person 244.023 202.0151 293.0137 263.3259 0.01502388
person 39.1251 196.5468 72.1961 273.408 0.01373573
person 236.8598 183.5446 382.7732 232.9814 0.01278205
person 508.8606 206.2423 531.2282 257.6191 0.01088296
