person 475.209 214.2043 495.8864 268.1086 0.48389524
person 51.9271 209.8505 76.6096 261.1123 0.47456664
person 443.6984 218.0807 464.2034 267.9473 0.46196648
person 499.533 217.5694 519.9368 265.9246 0.44037941
person 596.129 218.0156 629.0622 301.7694 0.30540702
person 420.3767 215.8598 441.7729 265.3031 0.18759491
person 400.2854 219.5216 421.7078 264.5896 0.15992446
person 516.7599 213.4187 538.9684 263.6633 0.15560763
person 409.5364 216.0819 431.004 266.169 0.07105178
person 454.4624 211.5192 475.3384 265.056 0.0567455
person 397.4755 213.6162 504.9703 272.3194 0.01419162
person 376.9979 206.9811 398.9884 253.2519 0.01388056
person 415.0476 160.1353 440.3068 216.6507 0.01328187
person 613.4062 214.5011 639.0 297.6936 0.01189908
person 489.0818 222.986 511.326 270.6817 0.01066988
person 41.6039 199.3763 67.5523 252.2698 0.0101811
