person 568.3818 214.8826 594.3746 275.2055 0.80109113
person 500.5072 215.8166 520.1903 259.1447 0.18985386
person 512.7168 210.2054 532.318 252.6604 0.14065346
person 451.509 214.8332 471.7956 254.5734 0.07050439
person 84.018 211.6446 104.6041 249.6758 0.04811775
person 373.845 237.5102 401.6939 291.2418 0.03997901
person 46.7702 198.596 70.6999 248.7852 0.03225249
person 608.8221 214.3341 631.3794 259.5946 0.02133448
person 383.3828 212.1955 455.306 260.3193 0.01330084
person 15.2917 192.416 45.5675 252.6697 0.01157152
person 32.1773 199.0208 55.8506 252.3256 0.01150918
