person 524.149 217.275 545.966 271.436 0.57705808
person 0.0 213.6038 20.9544 263.6705 0.47506505
person 515.0752 219.391 535.7698 271.6047 0.35694328
person 504.8962 216.5116 525.7525 267.3801 0.3047834
person 29.7076 207.5777 49.4199 255.2087 0.27126092
person 51.305 209.3498 72.1023 257.4511 0.10687388
person 40.8717 207.7621 60.335 257.2362 0.0698807
person 1.6716 212.3382 124.1912 267.2529 0.06347354
person 65.6676 210.9629 89.6628 265.8248 0.05089811
person 20.3338 209.539 40.7368 256.0194 0.04867524
person 404.7666 200.6993 429.2849 256.5884 0.04714959
person 496.2259 212.0283 517.5642 260.0547 0.03954748
person 472.4314 210.2744 491.7388 249.5843 0.02915459
person 617.2899 207.0965 639.0 268.6051 0.02229114
person 417.3664 212.3928 510.5338 267.3248 0.01586203
person 18.0856 212.9236 66.3238 263.6015 0.01566182
person 0.2413 171.158 28.8197 261.7158 0.01007104
