person 518.8114 217.8477 545.3166 275.7165 0.40124288
person 431.552 203.019 452.8984 249.4702 0.30509973
person 590.1563 172.3447 620.1757 249.7476 0.12338212
person 405.8536 202.7433 427.1094 250.0223 0.08737969
person 125.3564 196.8178 146.9713 241.0923 0.02709893
person 463.4078 194.336 485.5664 253.4881 0.02330884
person 31.9782 173.6365 55.5886 224.6078 0.01607005
person 383.9048 208.9305 406.1635 252.6929 0.01506463
person 573.7622 111.4792 607.0631 191.5228 0.01341613
person 449.3734 197.7246 470.2183 249.2547 0.01283633
person 137.4462 197.7069 157.6888 238.6033 0.01180768
person 606.6528 130.6183 638.1938 207.6766 0.01000177
