person 440.5746 218.8206 462.263 268.4648 0.55378997
person 575.2016 229.425 606.8184 308.2358 0.51683372
person 58.9074 210.7366 82.6951 260.5924 0.43781033
person 474.048 217.6099 493.2612 267.9632 0.38529596
person 411.6952 216.8253 432.0412 262.2426 0.35049358
person 490.1234 220.1031 508.8166 266.5378 0.32998738
person 385.518 217.9366 405.6243 262.3249 0.22430153
person 515.0782 215.6651 536.083 263.214 0.20982282
person 616.2264 224.603 637.4484 284.7844 0.18582459
person 507.8817 220.7955 526.6289 265.0966 0.17727444
person 498.7008 221.9932 516.7239 266.0684 0.1365564
person 25.2328 196.7314 47.4521 243.3036 0.07743611
person 80.1689 207.9886 99.9718 254.4042 0.07327716
person 424.0998 218.3882 444.298 265.6858 0.05914504
person 459.5296 214.2398 479.5264 263.8844 0.05237478
person 388.6064 216.7982 516.5315 269.8312 0.03979534
person 412.4602 159.3063 440.9432 227.8821 0.03758064
person 567.5542 256.147 599.9618 321.733 0.01653582
person 398.1863 217.6824 450.4071 262.8062 0.01562238
person 447.3872 205.1003 530.627 262.8561 0.01505247
