person 552.56 215.4684 575.3178 269.8029 0.55769885
person 573.0648 211.5407 595.7035 267.4537 0.37245932
person 371.9068 206.6005 391.4023 247.3713 0.1572725
person 389.7303 214.8443 411.4508 257.2895 0.13080931
person 600.8938 203.5511 625.9296 257.4998 0.08539133
person 241.6856 164.1076 269.9551 213.267 0.03228072
person 287.0943 181.4309 308.4386 219.3575 0.02447406
person 366.1008 207.0116 415.9202 255.3946 0.02201211
person 307.0006 200.5176 447.2914 249.6784 0.02072565
person 377.1464 218.5957 399.1206 258.9524 0.01229506
person 581.6925 205.6188 605.5858 260.2796 0.01070904
