person 532.969 215.6897 561.2018 277.5686 0.70633489
person 411.6177 203.6609 432.4684 242.3346 0.18722399
person 441.8164 202.7536 466.1401 243.9093 0.16943899
person 383.932 207.2618 404.9806 243.2984 0.16891927
person 479.0776 69.6367 515.4418 151.5117 0.0969772
person 122.7003 201.5113 147.3429 242.6129 0.05922623
person 99.4008 198.5666 121.0444 235.2666 0.05202186
person 513.7038 58.4281 546.1847 135.9096 0.03930645
person 1.4132 185.8114 34.9626 263.4896 0.03733872
person 352.2901 202.9794 375.2729 245.9517 0.02263427
person 84.4813 196.8736 154.226 245.9784 0.0161
person 374.6136 203.6211 395.8326 246.0112 0.01573368
person 333.572 199.7172 510.541 254.8995 0.01502628
