person 267.2289 215.6136 320.3154 353.2607 0.74061751
person 218.5993 217.3662 268.4932 387.1504 0.73017889
person 371.0004 208.7207 392.4563 257.0392 0.58088058
person 106.3153 221.5786 168.895 418.5974 0.48737442
person 193.7344 229.6634 249.3004 406.2262 0.44837734
person 151.0477 222.2895 203.6242 396.387 0.35784194
person 103.5792 325.3048 159.4313 455.1546 0.31624034
person 349.4487 214.1978 369.3724 256.1537 0.29836938
person 241.8388 221.982 292.8741 369.3669 0.10588399
person 197.7334 310.0535 230.7582 403.5684 0.08418865
person 193.2185 224.0182 226.1648 307.6496 0.0596588
person 213.551 302.255 246.3876 406.9841 0.03705201
person 149.653 220.9212 179.9266 291.9978 0.03657539
person 173.3328 217.0556 203.7868 302.5324 0.03529118
person 164.8559 240.797 195.1754 322.4534 0.03101794
person 186.6696 242.3858 213.159 315.869 0.02413164
person 177.0316 318.3975 209.4168 396.9844 0.02403483
person 183.0454 208.5442 214.1254 283.7171 0.0183951
person 132.2331 336.4463 179.6034 448.0736 0.01279876
person 208.7399 227.1208 242.241 314.1139 0.0123835
person 139.7234 281.9089 176.5249 394.2814 0.01215449
person 176.9773 248.1161 220.5772 390.9486 0.01211829
