person 203.7344 220.7843 269.0892 370.1313 0.79707885
person 559.1004 222.4148 585.7028 288.3189 0.76993513
person 268.8305 223.7117 296.6539 284.1145 0.71443671
person 580.7016 216.2363 607.5245 288.1634 0.65764517
person 117.5154 231.5378 170.3132 356.6211 0.63651401
person 20.9518 219.0974 50.4185 282.3654 0.60410386
person 71.4502 212.5168 99.6678 291.327 0.60133308
person 508.2958 216.1114 531.0487 267.0486 0.57495075
person 141.9654 218.4693 174.2772 297.004 0.55838597
person 376.9206 218.2556 399.1087 271.3863 0.53370696
person 356.1124 217.8608 378.1857 273.9205 0.52382374
person 111.1379 218.0861 137.5909 290.9922 0.46489939
person 435.9284 218.5758 459.2255 270.9865 0.43000045
person 538.4589 212.1749 560.8973 263.9623 0.42698786
person 93.9274 219.6828 116.5609 289.6767 0.4166224
person 475.0422 216.8615 494.1188 265.6621 0.41468799
person 614.0349 221.7464 637.6465 281.62 0.34083459
person 499.7575 214.723 519.0254 264.7848 0.33278021
person 0.0 214.5228 20.6386 267.7017 0.13700032
person 287.3587 229.0687 311.8062 285.7264 0.13608111
person 491.8507 217.0362 510.4604 263.7586 0.12767288
person 59.1085 208.6122 88.6876 284.8883 0.06169996
person 125.3498 216.8496 154.6503 325.0773 0.05590384
person 122.7158 275.8989 154.2439 356.2622 0.04480865
person 464.0599 213.7934 483.824 262.555 0.02970331
person 444.2628 209.2779 553.0381 267.5223 0.0185389
person 7.6528 217.3673 34.4888 274.9776 0.01835198
person 33.5723 211.0694 61.4892 276.9382 0.01796474
person 252.5512 208.6161 299.855 307.2552 0.01659433
person 412.5438 160.5649 440.6754 227.017 0.01565396
person 145.4766 233.8634 199.85 356.2838 0.01064971
person 598.9804 217.8199 626.6743 281.9976 0.01043111
