person 520.3856 214.7773 565.4555 326.0522 0.77227378
person 472.7165 217.0347 504.5317 301.9782 0.50777364
person 410.5662 218.0284 433.6081 268.0638 0.44003788
person 325.835 220.9807 347.9938 265.6808 0.21884751
person 369.2841 218.174 388.7999 261.181 0.15947962
person 347.4893 216.7343 366.0911 260.2816 0.11624792
person 463.8646 232.7738 491.2764 302.8519 0.09799574
person 40.9543 194.0304 64.5504 242.2812 0.08251084
person 100.7457 214.1689 123.899 263.0078 0.0706679
person 355.2038 219.9056 374.0495 262.2425 0.06634419
person 325.2646 215.0978 448.0622 267.274 0.06607597
person 338.6073 218.8572 358.6879 264.7185 0.06557459
person 412.828 160.7629 441.283 227.7924 0.04715366
person 24.134 201.397 140.0251 260.334 0.04524907
person 76.41 206.8998 97.2342 252.8995 0.04257666
person 487.5689 219.5497 512.8156 286.3707 0.04063814
person 4.0472 167.3522 33.6668 243.0829 0.03950231
person 459.0494 211.3532 478.9011 263.0937 0.0340085
person 508.8779 213.8827 528.7345 262.1875 0.0328447
person 497.096 216.188 517.1114 265.1369 0.02702187
person 58.0924 202.3287 79.757 244.7352 0.02362402
person 421.4966 224.4714 443.6598 267.7867 0.01469833
person 525.8282 212.4023 553.0892 280.6196 0.01382137
