person 560.2578 220.4596 602.405 330.6053 0.81260985
person 494.2647 214.8706 516.9142 266.1568 0.48520526
person 420.4158 208.7661 440.1923 253.8636 0.25850523
person 459.1934 213.2307 477.9582 255.4118 0.20282404
person 405.0811 215.1435 424.0975 258.8984 0.18317956
person 450.3182 212.6283 469.4733 254.3518 0.15922838
person 387.784 209.4321 511.4596 264.4552 0.05524651
person 474.183 212.5952 491.6999 255.6085 0.05366753
person 482.742 214.7479 505.0249 263.9608 0.02363951
person 434.5944 208.099 454.0067 252.6696 0.02276173
person 94.6658 196.2748 119.4391 246.1839 0.01525957
person 472.0677 230.1021 500.4254 289.711 0.01236762
