person 451.217 218.8322 471.2608 266.5091 0.49549308
person 506.0648 215.9511 527.8943 265.9822 0.47826493
person 475.2676 220.4875 494.9676 267.4841 0.45502928
person 52.4571 210.6382 75.5044 260.2073 0.42483553
person 597.1378 223.5172 630.4958 305.4304 0.15098411
person 400.5111 220.238 421.7481 264.5076 0.14311282
person 29.4051 201.2544 50.6341 248.5611 0.08961061
person 433.0548 219.6142 452.8108 262.0337 0.08354817
person 617.753 224.276 639.0 284.4915 0.0438765
person 44.6981 204.6089 65.9064 251.8599 0.03596985
person 419.6491 216.2253 440.9717 262.0065 0.03198331
person 487.892 217.6042 507.5711 264.839 0.02981338
person 303.7043 208.2721 330.69 259.6734 0.01661064
person 12.3976 193.2697 111.5275 254.9888 0.01515899
person 415.1274 158.432 440.354 215.7904 0.01513986
person 515.6582 212.0559 538.7027 262.7653 0.01265391
person 415.0466 214.4615 532.5724 270.705 0.01215207
