person 565.1582 208.9854 589.9584 271.3271 0.67308253
person 543.3095 208.9767 563.8288 263.6722 0.31679174
person 557.171 210.6782 578.525 267.2525 0.19034204
person 498.645 225.816 523.1505 276.5317 0.16109191
person 534.3454 211.7272 553.6417 260.4298 0.08747442
person 433.9092 206.1044 454.4141 250.9715 0.04517011
person 438.9322 209.6124 464.5033 269.7694 0.02871306
person 392.2323 165.7338 421.0247 231.7352 0.01697211
person 28.5701 194.8407 135.8574 257.1465 0.01259994
person 54.2001 271.8127 91.816 350.6474 0.01097004
person 525.8822 216.6258 545.6194 263.6982 0.01094451
