person 615.5286 209.4018 637.1082 271.9457 0.68244129
person 535.1554 207.2059 561.33 267.5323 0.35594615
person 445.4678 204.6184 467.7952 253.5417 0.33342287
person 412.878 204.8269 433.1822 251.8455 0.27371776
person 392.6228 205.0526 413.3122 252.6262 0.20335022
person 346.108 200.3587 365.1464 240.3968 0.06468539
person 362.8436 209.422 382.439 246.1695 0.02812492
person 353.8906 205.4378 373.0448 241.6228 0.02011225
person 454.4658 202.5771 479.314 263.3369 0.01996986
person 379.8343 201.6908 400.8688 251.0036 0.01204421
person 527.1827 175.581 554.8304 237.6362 0.01045422
