person 21.577 218.9565 72.1343 340.0372 0.79429996
person 84.4212 213.1894 120.7748 300.8742 0.71999282
person 492.9248 237.8084 541.4847 389.6525 0.71527797
person 316.9124 216.483 339.9729 271.4144 0.68230122
person 455.3328 240.6742 506.5489 390.4085 0.64367342
person 165.5521 211.829 188.0305 263.4779 0.54604691
person 148.0201 211.1094 169.7154 262.3007 0.30126241
person 42.8559 215.7384 79.0996 293.132 0.03582628
person 496.6448 241.666 528.3772 331.5607 0.02995619
person 255.924 208.3602 275.9432 245.9878 0.02855518
person 483.0637 269.635 520.5172 387.4763 0.02521316
person 468.414 239.9406 498.1114 315.2573 0.01779924
person 82.8468 212.6948 107.4181 266.4381 0.01294061
person 371.5356 212.7204 399.9471 274.0102 0.0119066
person 308.2909 135.8993 339.5544 216.6027 0.01164396
person 54.6824 210.43 105.5476 327.6219 0.01054222
