person 510.0894 240.073 556.974 384.536 0.68186802
person 402.4497 223.0018 424.9584 272.6789 0.49833369
person 505.1503 245.3322 536.7467 332.9483 0.18377499
person 391.6323 216.4532 412.597 265.718 0.05955869
person 531.9306 236.3668 563.2496 307.5358 0.05037002
person 264.9819 219.8855 286.893 265.3033 0.0393532
person 319.1385 217.871 340.7828 256.8278 0.03834672
person 530.2517 265.5969 568.6013 384.7413 0.02927878
person 239.4225 224.5143 263.2406 275.551 0.0195691
person 511.2293 305.0505 545.1463 390.0772 0.01669229
person 254.7711 209.5658 347.0106 264.616 0.01618914
person 407.785 199.9 432.6932 256.4092 0.01279594
