person 433.1162 200.4899 462.4748 266.928 0.87134445
person 465.6013 197.5706 497.1762 274.4823 0.84522146
person 531.399 204.9257 558.862 271.2381 0.73397696
person 329.7358 168.0193 356.096 237.4176 0.11230928
person 370.561 206.4495 390.3624 247.2246 0.11101355
person 381.4491 206.2609 402.6338 249.1886 0.0316621
person 448.8213 193.7712 483.8268 279.6617 0.01573665
person 364.0481 200.9866 409.7416 255.1084 0.01147109
person 548.1391 202.5866 576.062 272.1552 0.01097492
person 505.7352 205.8084 538.2356 280.8376 0.01096444
