person 84.2208 212.5162 111.7521 279.9009 0.66312033
person 61.3576 218.0614 84.675 279.1194 0.65395266
person 405.585 217.2564 429.0072 270.2676 0.64385563
person 526.4706 217.341 549.2057 272.0212 0.61645061
person 8.553 214.2454 34.7888 276.549 0.59451228
person 165.1589 216.3072 187.5183 269.6798 0.45319429
person 504.9808 218.3169 525.2108 268.6779 0.42177638
person 480.8466 216.9986 499.5667 267.4119 0.41178706
person 183.2565 219.175 208.1621 275.4474 0.40077171
person 464.9527 215.625 484.484 266.5805 0.2172696
person 52.9472 214.0643 74.5033 273.631 0.13407098
person 600.8568 224.7748 634.1012 298.5718 0.12427147
person 489.6191 216.2272 508.5742 267.9412 0.11656689
person 40.175 219.852 62.4422 274.9617 0.0600196
person 412.6288 160.3034 440.7332 227.7622 0.04251681
person 21.0319 217.0417 45.6086 275.1967 0.03496341
person 194.5298 223.579 218.6147 275.8601 0.02982674
person 375.3515 209.0143 396.3412 254.6008 0.02577018
person 70.1678 208.6072 96.851 277.1492 0.02049212
person 593.0495 213.2664 623.3006 280.9518 0.0173672
person 454.287 210.3183 474.1824 254.693 0.01638217
person 421.2494 213.8352 535.1624 271.6517 0.01478994
person 513.3366 224.6046 535.2096 272.1388 0.01439291
person 176.0326 209.9416 199.4987 265.6478 0.01423396
person 441.6989 208.6669 461.5116 252.9868 0.01145941
