person 22.3853 195.4986 72.7991 295.4047 0.34255445
person 475.331 199.8489 498.2798 249.5996 0.26763508
person 454.6796 200.0343 477.7258 249.57 0.21855263
person 396.3446 193.5953 418.108 231.2379 0.10440435
person 353.6909 198.9768 372.3761 232.1747 0.06927318
person 465.0978 199.3411 487.5578 248.1136 0.03099703
person 139.512 188.7769 159.3317 222.5752 0.02666898
person 361.8574 197.5121 381.2958 232.4655 0.02555919
person 92.0099 196.0958 114.4243 233.4105 0.02042068
person 333.0802 197.6339 351.4328 228.2866 0.01733349
person 445.2474 199.2207 466.9594 247.919 0.01695714
person 341.0657 187.2904 505.9267 246.288 0.01674966
