person 474.7438 214.7497 495.2348 265.5192 0.48561287
person 450.3704 213.9713 471.1694 263.0995 0.47020939
person 520.462 214.5299 542.6396 265.9974 0.46103755
person 597.3616 219.3158 634.1664 315.3284 0.44641274
person 501.4427 212.0217 520.4768 259.4733 0.31706935
person 397.8281 219.39 418.1077 262.6774 0.14279538
person 434.235 218.2144 453.7922 260.3952 0.0643333
person 490.9902 213.5484 510.3002 262.3206 0.06111647
person 407.155 214.637 428.2362 262.5681 0.02179174
person 307.4252 206.1639 336.2725 265.8762 0.02092641
person 16.2956 197.0215 41.9701 248.8636 0.02036352
person 412.9922 158.8087 440.5456 219.0124 0.02004671
person 459.0066 210.7391 484.7505 267.836 0.01938697
person 418.3255 213.048 439.2294 258.7475 0.01669768
person 439.812 207.3333 549.8227 266.2948 0.01517303
person 2.9059 166.3228 36.9241 255.3933 0.01503101
person 80.9437 199.9289 102.2649 242.2432 0.01200722
person 113.4827 203.0657 138.1944 247.1592 0.01178372
person 98.8032 193.7825 212.7208 256.1128 0.01105711
