person 527.7562 218.4542 551.1676 275.5988 0.77400917
person 49.0288 215.4972 69.2914 269.3954 0.5906772
person 434.619 216.9568 456.6432 266.647 0.54292715
person 109.804 208.9518 138.626 270.7316 0.37663287
person 74.3095 210.5624 97.0022 266.7898 0.36349973
person 589.4126 209.2541 615.129 269.1942 0.29822928
person 24.935 215.9377 48.8265 270.7122 0.28028712
person 480.586 215.704 500.4238 262.1475 0.22428586
person 371.8022 217.7182 390.8596 257.8282 0.1298213
person 538.8506 217.3546 562.1126 272.1246 0.10493907
person 611.3742 211.9031 634.1712 272.3916 0.08821097
person 470.7301 210.8064 489.3358 256.7166 0.06692614
person 362.7573 222.1972 381.5988 261.5215 0.06571405
person 452.223 209.3406 471.2803 256.1003 0.04324533
person 61.0784 212.5622 85.0439 269.8334 0.03785662
person 487.9214 210.5067 509.79 256.9502 0.03128221
person 448.9648 213.3216 503.4214 266.2268 0.02160484
person 11.8633 213.2633 37.8616 272.1066 0.01711015
person 100.3971 217.559 126.6058 272.5818 0.01642016
person 418.6846 216.0964 440.6934 260.855 0.01532479
person 121.9904 223.8938 147.4283 273.2186 0.01444719
person 412.7197 161.8832 440.6398 228.9565 0.01260786
person 396.0045 215.3135 562.5776 274.1229 0.01030667
person 83.5324 206.8209 110.3578 264.4908 0.01030254
person 345.746 217.671 404.1234 260.8534 0.0102763
