person 521.4122 215.516 546.9237 270.1496 0.74053991
person 97.9187 218.6757 120.2175 264.7074 0.20032001
person 37.519 206.7528 62.9649 256.5972 0.17286825
person 61.951 146.3388 92.7336 219.6346 0.05854504
person 450.9366 266.546 473.8583 307.6997 0.03164938
person 274.8765 210.2193 296.6891 249.4108 0.0281475
person 332.4365 202.0268 351.986 242.7287 0.02323691
person 123.8774 200.8478 145.0265 247.3442 0.02244822
person 309.6689 205.7834 443.0702 255.1468 0.01972454
person 570.7812 100.8204 603.7282 174.0244 0.01544085
person 478.0524 196.5387 500.2756 243.3437 0.01490411
person 556.5936 192.4509 576.6018 228.2581 0.01213815
