person 68.0185 215.511 96.2808 278.9182 0.66636801
person 129.696 214.0176 152.7065 270.0235 0.5803535
person 482.1626 215.8284 502.2184 266.1158 0.48625794
person 551.2558 213.7889 575.8278 270.7652 0.48597446
person 512.9592 218.7969 534.4402 269.6512 0.47590333
person 43.7793 216.0795 65.238 274.449 0.45014253
person 153.0058 220.9785 175.5583 273.5518 0.42347822
person 417.3656 217.719 440.2478 268.7981 0.41063231
person 613.0044 230.5505 637.9612 290.4458 0.29919916
person 33.7363 217.1859 55.0517 273.6423 0.23048738
person 468.8406 214.2096 488.3293 265.9703 0.22115059
person 0.3779 219.0049 22.1177 276.7149 0.20255482
person 18.3916 210.6232 41.328 273.8754 0.19972877
person 168.8207 221.1448 191.4275 275.9498 0.1580151
person 54.7296 215.2262 78.9828 277.9625 0.13046795
person 585.2674 207.9264 613.1095 263.3487 0.11030187
person 503.3766 214.4103 523.3924 265.1014 0.10433653
person 461.4499 211.0226 480.0274 258.2272 0.05072157
person 414.3398 215.2376 543.7158 268.6756 0.04413636
person 432.575 216.0192 452.903 260.5295 0.04064687
person 443.9719 213.4932 462.2522 255.0173 0.04061494
person 377.4589 210.4736 398.0397 254.062 0.02396847
person 522.3632 219.3659 545.3639 271.2105 0.02139543
person 406.2663 216.3297 429.2012 265.4999 0.01509233
person 412.4014 162.5982 440.0256 227.5738 0.01469465
person 0.5931 165.9998 29.3115 266.1725 0.01015892
