person 520.9394 206.9365 542.7218 260.444 0.24473441
person 502.1264 205.9752 523.0562 260.3563 0.14648423
person 486.3858 208.0334 508.8791 266.377 0.08848727
person 582.3556 196.9851 611.443 258.2848 0.06539956
person 355.573 205.3648 378.1318 259.9929 0.05431522
person 429.2768 215.6341 462.4022 302.5416 0.03186115
person 423.127 155.1112 453.4832 233.1046 0.01616621
person 610.39 225.5428 637.6319 305.5672 0.01451119
person 515.6294 200.404 550.0602 308.3792 0.01047878
person 452.7993 264.6337 482.2927 325.9731 0.01035666
