person 571.5547 223.088 598.9673 291.8823 0.80150408
person 59.9516 211.0914 108.8685 321.5842 0.70843095
person 427.7067 218.7655 449.922 268.1861 0.63020158
person 340.9743 209.4114 362.9808 256.1382 0.3558785
person 384.1557 203.459 405.7002 246.0712 0.07379942
person 68.6322 266.208 98.3414 324.8121 0.04477788
person 78.1949 218.7832 110.4248 288.647 0.04109937
person 105.9279 212.6298 131.9903 265.4329 0.02357775
person 313.4375 206.0773 333.1867 246.373 0.01111146
person 63.4983 223.4039 93.6808 293.4403 0.01042219
