person 393.218 206.9942 422.8612 276.2811 0.71464092
person 162.7545 212.9317 190.0459 281.1479 0.7023313
person 186.6089 214.6266 213.3188 278.92 0.56369472
person 613.8466 206.9722 636.1586 274.7943 0.537889
person 36.9257 217.4183 65.2631 278.0845 0.49603754
person 348.4066 213.6956 375.5928 275.3966 0.11332048
person 176.4588 211.3712 200.454 275.4266 0.10404975
person 22.0456 217.062 51.8092 282.6028 0.09735791
person 579.0547 227.4771 606.0498 287.65 0.07578725
person 499.665 200.691 580.8268 250.4778 0.06537204
person 155.2732 210.8874 179.4529 265.6198 0.02234944
person 554.5232 204.8372 579.2492 255.8882 0.02233609
person 582.9517 255.3662 613.637 324.1282 0.02200486
person 294.2293 201.909 335.6145 259.7228 0.02149409
person 603.0296 213.3941 628.35 285.4605 0.02139191
person 244.1216 233.1982 269.4954 276.5282 0.02085845
person 476.4512 228.8049 502.304 275.1451 0.01620509
person 521.888 206.7362 543.0306 246.0252 0.01388601
person 1.0885 213.7856 26.9375 298.8848 0.01015611
