person 50.174 205.5015 77.2458 261.8761 0.62934142
person 501.3704 216.4405 524.0114 268.3358 0.54838419
person 442.4842 217.6382 463.2712 267.5182 0.50433594
person 473.9767 216.8726 494.5026 267.6286 0.47758883
person 598.1699 222.1644 627.1649 297.4979 0.28881058
person 397.795 217.2748 418.855 263.7119 0.19013479
person 511.8562 213.8826 534.562 266.2044 0.10495245
person 426.0864 219.1408 446.2401 266.0568 0.09191121
person 492.3737 217.9554 512.927 269.4608 0.07378842
person 408.2038 216.4371 429.7704 264.274 0.03619912
person 373.2934 205.6381 394.3504 250.8719 0.0349599
person 459.3128 212.2891 479.6416 263.8852 0.02604114
person 613.7752 220.3827 638.5247 297.9858 0.01996152
person 397.1126 214.3388 481.7856 269.8547 0.01519948
person 387.5834 212.4246 409.0298 257.6968 0.01492337
person 415.2456 159.5792 440.411 216.4686 0.01382183
person 70.6716 203.7678 98.5941 262.3763 0.01087224
