person 110.4874 220.3503 142.4888 293.8524 0.77638131
person 67.8127 218.226 98.0947 292.031 0.72295094
person 228.919 220.6193 259.9801 295.6901 0.67946744
person 2.3871 217.3847 40.2806 303.2726 0.67132914
person 345.0612 210.3486 376.5726 283.8998 0.60588634
person 579.7267 210.2894 601.2164 257.3656 0.18892244
person 98.5723 216.1791 129.0109 287.5333 0.14366741
person 615.046 213.1691 638.7152 272.7761 0.08343801
person 556.7051 212.1825 576.9416 251.614 0.0748983
person 541.0133 211.641 560.7934 253.1638 0.06604815
person 502.0004 206.1387 624.1846 264.4927 0.03451055
person 541.554 282.1647 576.2488 359.8494 0.02962314
person 296.9194 220.2734 320.8722 264.747 0.0166928
person 361.4114 215.0868 396.4282 288.0212 0.0136775
person 276.9297 215.4718 343.3444 272.849 0.01330913
person 528.7723 211.1664 574.2011 260.7524 0.01210414
person 242.5986 222.7168 272.272 286.1228 0.0104002
