person 249.9248 217.8198 285.7265 297.4715 0.87594563
person 13.0557 213.4958 54.7309 308.4188 0.85790884
person 424.7134 219.6102 456.4639 299.8824 0.84909862
person 129.7758 219.5274 154.9987 286.2138 0.74100888
person 307.5282 222.4023 359.8239 366.0455 0.72145259
person 106.5568 219.0812 131.8385 278.9068 0.70595521
person 162.4498 218.9157 186.5634 282.2407 0.63964176
person 530.4132 209.4697 553.5282 262.4579 0.60800767
person 344.6362 220.8393 384.4097 334.432 0.58642942
person 187.2753 222.2245 214.0023 287.9215 0.56823546
person 482.0081 218.7437 503.3188 268.4124 0.5052979
person 577.9992 228.9198 611.8717 314.7136 0.41888359
person 225.2397 215.5215 247.1098 263.4742 0.37819299
person 562.3734 225.3238 584.4247 280.7857 0.31331217
person 81.5289 210.5409 102.3381 262.2919 0.27572611
person 292.5715 214.6434 327.8562 311.8529 0.14397652
person 63.2128 210.3819 83.9618 258.445 0.13761044
person 599.8595 227.3414 625.2356 288.9425 0.12302962
person 178.4636 219.8589 201.3942 282.4385 0.10672093
person 141.1017 218.3376 165.7095 282.8952 0.10243175
person 469.776 214.3826 488.9712 261.6682 0.06853658
person 436.562 214.2766 463.0034 275.4646 0.04124511
person 324.1352 273.7705 358.765 358.3911 0.03659193
person 33.2083 211.4306 61.3698 280.9828 0.03441674
person 495.1962 212.025 516.7176 262.6825 0.03227789
person 412.2848 160.7236 441.0196 228.5796 0.02680478
person 50.8463 210.7538 74.0131 264.4734 0.02417212
person 417.5628 215.8768 444.4446 280.4974 0.02119883
person 360.2672 247.5474 387.5486 324.7575 0.01868107
person 460.73 209.9428 479.6826 256.4734 0.01528303
person 566.8656 235.5524 596.5037 302.3871 0.01495617
person 240.7089 217.0122 270.8225 280.7144 0.01242566
person 281.4643 221.0446 311.1727 291.6392 0.01045116
