person 544.1574 218.615 567.0519 269.7789 0.22785719
person 477.176 205.7686 497.1446 245.6968 0.13103507
person 587.997 194.8277 609.3891 243.4409 0.05694346
person 354.8054 191.5218 375.7856 239.4718 0.04588307
person 407.7854 201.1289 427.9056 246.6359 0.03943522
person 458.1502 168.4772 482.9489 234.8892 0.01904684
person 70.9803 196.9289 96.3328 245.3194 0.01766478
person 431.7513 208.797 453.7721 254.6168 0.0160065
person 467.8934 199.8648 488.9887 244.1874 0.01183948
person 330.9556 202.4586 350.3217 240.7452 0.01120064
