person 530.5473 217.3761 558.2476 287.4154 0.73013961
person 247.6372 210.2667 271.9961 269.6164 0.68830866
person 34.4999 199.5707 62.9326 264.8987 0.68257117
person 68.6492 196.2246 89.7536 249.8295 0.36066359
person 82.536 197.6972 104.3406 251.1745 0.33518699
person 392.406 208.9343 413.522 251.7017 0.23733224
person 354.8702 201.447 375.5912 240.4638 0.05799797
person 585.5415 208.1584 606.504 253.9165 0.04189699
person 450.1302 193.4998 472.1066 240.5563 0.02761742
person 560.6625 209.0864 582.6032 259.0978 0.0174217
person 238.0036 216.6281 261.7026 268.2016 0.01277563
person 558.562 210.8816 605.2237 274.4074 0.01247047
person 55.4116 199.3672 82.8372 257.766 0.01243094
