person 50.494 211.4794 137.098 451.1889 0.7306053
person 379.9711 222.9619 403.0809 274.3771 0.63913792
person 96.085 207.8196 174.2615 438.4322 0.43042898
person 288.7095 207.123 307.7642 241.4524 0.16027074
person 123.3018 221.6988 172.3348 363.6566 0.13417633
person 139.2297 279.9645 172.713 366.9364 0.06025859
person 228.018 237.5205 250.4102 282.944 0.03643988
person 112.07 271.8907 150.7625 388.6733 0.01917687
person 64.9872 213.6539 102.9591 288.4534 0.01775881
person 101.7656 210.4456 149.929 357.6566 0.0136878
person 78.3889 258.341 120.937 389.2922 0.01309109
person 57.3532 215.7117 110.128 362.3969 0.01085081
