person 265.0723 216.6126 307.4082 317.7387 0.85521102
person 121.2531 217.4256 165.3256 317.1023 0.77307194
person 389.6883 217.578 426.87 322.3975 0.73770183
person 495.5583 226.5161 535.6397 337.2731 0.72701436
person 420.7369 219.6815 459.4115 322.4075 0.71950805
person 348.0351 213.4964 379.9647 309.9881 0.53180385
person 363.2486 211.6876 392.0134 310.8943 0.38156602
person 376.1318 214.2416 402.4446 301.8174 0.12103584
person 31.6999 204.5639 73.1561 286.0788 0.06229076
person 454.1374 216.991 478.7106 274.3066 0.05638571
person 431.3648 214.8532 457.4176 280.0115 0.05509369
person 318.9758 206.1273 339.4201 247.0245 0.0499961
person 404.71 254.7592 431.1968 323.5224 0.03357477
person 433.2547 212.0314 481.1038 330.4192 0.01803847
person 407.6322 214.721 438.6743 309.441 0.01594616
