person 155.7743 217.7443 187.2219 294.732 0.84836715
person 467.3092 241.435 518.0435 364.7515 0.80625987
person 200.5616 219.0493 249.5064 354.9297 0.7960946
person 78.0314 219.4653 146.0232 366.8438 0.69373888
person 305.8147 223.5657 333.8302 286.5115 0.68282443
person 45.101 217.049 74.313 282.4306 0.67322123
person 531.8224 231.9339 571.7557 333.0743 0.65585005
person 120.1555 215.7753 151.8218 293.9962 0.65459645
person 568.9704 215.729 593.77 283.8037 0.59588057
person 437.2206 219.958 460.1586 274.0065 0.53142816
person 329.4082 223.5948 356.2072 287.3556 0.48090786
person 79.4682 211.6833 110.7516 285.2433 0.46378183
person 512.8342 217.1324 533.4779 266.6599 0.45577303
person 410.4704 219.6334 432.4584 272.6595 0.42958951
person 487.0885 216.1702 510.4502 274.8624 0.42376515
person 468.3752 212.3523 490.4512 266.6773 0.31143436
person 21.4366 218.0515 45.1315 274.8521 0.3021937
person 597.7907 219.3462 626.5191 289.6253 0.28546154
person 427.7177 221.672 448.0104 273.3296 0.12440688
person 549.7381 221.7266 575.629 285.4301 0.11128835
person 9.8871 219.448 31.7934 273.0466 0.07715004
person 31.0466 213.4057 57.0285 274.151 0.06059222
person 206.9068 221.9838 237.2466 303.3695 0.04702564
person 608.2749 223.5281 636.761 305.5994 0.03455572
person 147.7162 211.0733 201.9347 330.8395 0.03140249
person 145.1935 219.0127 172.1332 291.8256 0.03106569
person 581.3755 204.1356 609.4422 281.1548 0.03063619
person 478.9143 224.5859 517.5558 309.4574 0.02187401
person 110.0447 208.8967 138.919 282.9622 0.02092926
person 450.0166 212.2486 537.8864 300.0901 0.02008945
person 90.8242 208.1838 133.7379 312.6828 0.01577084
person 107.7163 214.3682 167.9714 351.0621 0.01576152
person 210.6888 282.2672 244.0686 354.7892 0.01351537
person 132.9796 210.9182 160.2525 280.6758 0.01345633
person 306.1944 208.2121 329.2522 256.6533 0.01239707
person 412.0308 160.2578 440.6956 226.5886 0.01205812
person 495.8272 211.3427 518.5008 263.6752 0.01124429
person 507.1696 242.8415 561.229 358.899 0.01082804
person 568.2356 214.9868 613.992 312.2231 0.01041851
