person 25.6816 206.8345 58.469 282.7028 0.61417711
person 261.8152 205.8712 286.6184 263.8365 0.54478741
person 583.9482 220.2843 610.9908 281.4484 0.5268203
person 516.2298 209.4185 536.7004 252.3681 0.176452
person 543.1178 195.9762 566.2885 251.2349 0.09222718
person 507.994 210.2914 527.1645 252.153 0.06980161
person 393.6232 211.8252 412.9411 256.2688 0.05277624
person 491.444 206.3293 510.6802 248.5987 0.04929714
person 463.5616 198.2892 488.5698 249.9588 0.03299259
person 401.7887 207.7883 422.9745 252.0774 0.02534164
person 394.3606 203.206 591.9048 258.4028 0.01561099
