person 80.6015 196.0987 168.4434 417.7704 0.61306322
person 327.8869 160.1414 348.6091 203.0248 0.05927677
person 243.5256 150.0103 267.7132 198.2668 0.05858044
person 77.2892 291.4101 127.2905 415.0534 0.04911809
person 147.6371 154.5355 170.7711 201.9212 0.04341764
person 105.8287 147.0928 130.9205 201.5176 0.04161717
person 112.7682 186.6836 188.9947 361.239 0.02315567
person 131.1766 293.3691 166.9503 394.9819 0.02095755
person 120.2272 217.419 164.919 331.5169 0.01788226
person 452.5915 221.467 472.4088 260.2855 0.0130148
person 474.1173 228.6223 495.4834 269.4269 0.01227754
