person 185.6607 215.845 214.3901 289.3222 0.84131008
person 58.0408 217.5968 87.8676 285.165 0.77130675
person 379.1441 208.7618 407.038 275.9884 0.7128197
person 24.2213 214.74 53.8372 281.7762 0.66692942
person 210.8742 218.0482 239.5909 290.1098 0.66548288
person 532.3011 209.8568 556.9074 260.5499 0.09955024
person 86.5976 182.4628 111.5805 242.6711 0.06867398
person 524.4272 204.3213 619.2748 257.4768 0.03852278
person 577.1075 209.0615 599.8364 252.4672 0.02840899
person 543.9746 210.768 568.0332 260.2246 0.02038854
person 460.4976 209.109 639.0 271.886 0.019478
person 372.0749 210.013 395.0059 264.6994 0.01797143
person 95.4362 199.8093 118.0023 246.3433 0.01639261
person 44.4788 214.5455 73.807 285.0152 0.01334595
person 589.977 209.6795 613.8356 259.8908 0.01288049
person 359.4983 218.7436 385.1614 274.8295 0.01090438
