person 215.0948 212.1937 250.9774 308.9868 0.78122497
person 120.283 218.0564 163.0481 320.268 0.75997716
person 95.7706 219.1566 133.9546 316.6559 0.75358081
person 368.1328 215.8383 403.4697 300.7214 0.20666993
person 605.9404 211.3098 630.3278 268.543 0.18194124
person 256.5819 221.6237 286.9756 281.5086 0.12771776
person 205.7641 216.7298 234.4798 295.2398 0.12263912
person 540.0622 206.8553 634.1612 263.9967 0.09034337
person 322.8099 202.4948 360.85 300.0184 0.07629908
person 382.6751 223.9984 407.9368 284.3917 0.03431917
person 343.9979 209.9252 369.2115 262.429 0.0275385
person 584.4947 214.5442 606.9458 256.7756 0.02185778
person 265.5148 211.3256 289.0085 258.127 0.02142805
person 562.0906 216.0788 584.299 261.7747 0.01675634
person 538.1026 218.5643 561.1568 263.0079 0.01215919
person 454.7873 208.1873 477.6818 254.3045 0.01115294
person 232.6783 218.3008 263.5515 295.0981 0.01004553
