person 277.8348 207.3344 297.6264 248.4203 0.28025791
person 139.2787 205.4583 163.1054 254.5271 0.09335148
person 6.5907 195.6524 35.4086 251.306 0.08658298
person 481.1526 278.3656 514.2388 350.3107 0.0578445
person 373.7956 210.6416 394.0524 252.5956 0.0359625
person 1.1327 194.9349 109.7751 260.2371 0.02755777
person 321.9174 204.4716 340.507 244.0366 0.01911076
person 287.2428 202.7663 308.0152 244.4615 0.01621989
person 574.2658 325.4598 598.3729 378.1109 0.01343211
person 462.4391 240.9534 488.2062 299.6869 0.01216715
person 343.1354 198.9914 480.4852 252.58 0.01086405
