person 135.6025 211.2038 161.9579 273.7153 0.63866532
person 155.919 208.8811 182.9843 275.8751 0.61017811
person 580.5478 202.9376 606.0874 267.8012 0.47793064
person 617.68 232.9098 639.0 303.9826 0.47472078
person 56.7104 206.2803 78.9339 251.0272 0.08836412
person 301.6482 200.9088 328.8866 247.1354 0.03814638
person 480.6352 202.356 554.4536 250.7266 0.02121106
person 201.371 217.836 222.8096 255.503 0.01724352
person 530.0879 208.2444 552.33 255.1926 0.01570352
person 571.2842 202.0205 594.6258 263.5923 0.01529101
person 549.6689 225.587 574.8606 281.4342 0.01525656
person 284.9806 199.2877 338.8763 261.5313 0.01410868
person 124.0506 220.2835 149.975 271.8925 0.01396391
person 246.8374 224.6944 273.7301 273.2059 0.01082947
