person 383.3279 210.5566 411.12 276.8505 0.2477593
person 533.7088 198.1984 574.727 298.4808 0.07513886
person 433.874 205.0371 455.9932 251.5544 0.05344722
person 39.989 200.0749 67.6819 249.1139 0.01910807
person 527.8746 223.4038 558.9381 292.6834 0.01763489
person 348.4343 209.9001 371.3547 255.9274 0.01724428
person 463.7698 213.7258 488.3782 268.4094 0.01303951
person 546.0785 181.4308 568.2242 230.0486 0.01293627
person 521.0988 203.9677 542.945 251.8363 0.01289885
person 422.06 169.9288 455.047 240.9616 0.01141438
