person 1.4163 210.3595 38.2804 359.2493 0.41050497
person 527.9086 184.292 567.5612 290.3009 0.11252436
person 176.5636 317.4752 210.1073 383.8206 0.09210748
person 250.6066 275.8264 274.177 316.5874 0.04680585
person 472.3854 56.8925 496.7217 112.1624 0.03973636
person 221.6819 293.1076 249.0661 343.6492 0.03096919
person 347.1134 287.6427 374.8664 348.2133 0.01990713
person 107.8545 187.6597 134.3488 238.9154 0.01295159
person 279.6784 258.2806 300.7158 293.9612 0.01144522
person 553.0524 166.2462 578.5926 225.7518 0.01095403
