person 77.9639 199.2306 101.0357 254.7166 0.60892892
person 266.198 210.8122 286.4588 259.6752 0.51618898
person 100.1652 196.8677 120.5906 247.7612 0.31358922
person 88.4802 197.4092 109.9068 251.8244 0.12333249
person 334.1326 204.6116 352.8042 240.9255 0.09035525
person 113.9603 196.3207 134.1111 241.6189 0.09014714
person 357.092 210.6179 376.4801 246.8902 0.06571146
person 488.7266 213.1112 514.5805 261.606 0.04075656
person 345.9898 201.9635 365.0941 240.9718 0.03150301
person 256.2714 207.5795 277.7808 255.1632 0.01768159
person 314.1371 200.6287 433.9236 252.8152 0.01271628
person 367.5611 214.4313 388.1296 251.9571 0.01237702
