person 514.1892 223.0076 544.4624 289.3425 0.72241157
person 539.4553 230.4345 564.4303 288.7496 0.43749189
person 212.2226 221.7248 233.4074 265.6809 0.03493371
person 586.2835 223.5055 609.0805 272.7454 0.02505255
person 336.2092 218.8582 361.6684 259.3088 0.02158394
person 554.29 228.1591 581.9721 292.146 0.01965295
person 162.1376 224.0214 186.6685 267.5421 0.01880071
person 133.4221 224.751 328.4398 273.5853 0.01797346
person 236.5342 211.4286 256.8057 252.1424 0.01402425
person 321.6016 7.0595 344.6383 42.9554 0.01013969
