person 356.6425 215.592 380.9282 278.0241 0.68459457
person 301.9631 213.735 323.6947 267.6636 0.5479185
person 289.6789 214.467 311.0391 268.0244 0.34414002
person 120.2004 238.9808 152.922 308.7588 0.12937704
person 447.9774 220.7664 471.3421 264.9792 0.02153497
person 218.2588 205.8146 239.7902 252.5777 0.01990915
person 89.2739 199.5964 119.2972 279.55 0.01617735
person 91.4688 128.9311 121.7236 199.9355 0.01571924
person 138.8099 144.0028 174.7337 230.6995 0.0131809
person 309.9201 209.7508 336.9372 273.5685 0.01207028
person 352.0385 147.4154 377.9861 210.0785 0.01072527
