person 615.1412 226.0421 638.3781 290.0775 0.5388419
person 482.8453 219.9874 503.7611 269.8154 0.49557495
person 503.5512 214.0468 525.1492 266.707 0.37640002
person 8.0272 208.8034 29.9708 260.0008 0.26117355
person 42.2524 209.8897 64.084 255.9516 0.23127784
person 79.2071 209.3198 99.5779 255.0308 0.12438601
person 593.0504 207.0453 618.0926 268.3083 0.10211976
person 26.4814 209.1403 46.5913 257.0771 0.10110021
person 107.8036 219.4515 132.4015 267.8035 0.0663297
person 491.7277 215.8608 516.7524 268.017 0.06608522
person 4.6518 210.5325 130.1489 267.0834 0.04912395
person 71.2789 211.7358 187.727 273.0612 0.01489344
person 441.5576 212.6252 461.4435 253.7155 0.01486903
person 143.0168 216.8866 166.5501 265.1532 0.01437772
person 460.8826 207.5232 480.4848 251.0278 0.01281391
person 414.2559 164.0927 439.9456 221.7611 0.01240876
person 603.911 206.166 632.8894 280.7401 0.01210917
person 18.9091 213.7234 64.5647 264.1697 0.01114653
