person 79.5199 197.85 100.4765 248.6625 0.51367116
person 250.3794 209.5464 270.42 249.6864 0.31474546
person 107.139 199.5424 127.5185 245.9885 0.27315867
person 308.2878 200.586 327.9372 240.3776 0.1863302
person 89.8596 196.4043 110.0084 249.3706 0.15215699
person 286.0339 201.9643 304.7248 238.0761 0.0973601
person 237.6603 205.6438 256.7464 247.669 0.05544661
person 574.2082 197.806 597.6082 251.2562 0.05263209
person 498.3986 222.4763 527.6134 292.7175 0.05209535
person 356.5509 243.3322 387.8143 313.8092 0.04843348
person 448.4284 206.8037 470.0288 251.9848 0.02007089
person 528.73 215.9428 555.155 270.1318 0.01884177
person 320.2771 198.3282 339.9458 236.9656 0.0109857
person 242.5932 198.2169 376.0599 248.1716 0.0106831
