person 534.2169 201.5321 564.6342 269.1803 0.73217678
person 561.0018 202.843 589.634 269.0434 0.68738347
person 484.2462 207.2158 509.0366 261.7377 0.51422626
person 422.8377 202.0172 444.6896 235.779 0.13076897
person 370.5137 202.6859 391.0233 240.0778 0.09708224
person 393.4996 200.9534 413.4514 236.2871 0.06741001
person 347.0565 201.7434 367.6472 234.9545 0.04341346
person 142.9116 195.2958 165.4526 233.9862 0.02146417
person 337.9057 196.6574 465.5968 248.5904 0.01712141
person 446.0378 99.3617 476.1551 163.9626 0.0156707
