person 599.9126 203.473 624.175 265.4577 0.49279734
person 581.1585 201.4754 604.5485 254.3984 0.40184417
person 494.6094 206.3182 522.8102 280.821 0.23034765
person 12.0331 181.9118 51.8887 265.2025 0.22196805
person 79.3683 174.3183 113.4561 259.033 0.21980481
person 412.682 203.4474 434.0946 240.2425 0.08512654
person 505.2206 203.5308 530.4349 260.7816 0.08196823
person 0.0 192.0598 27.6307 263.9617 0.01381384
person 410.5315 200.6634 445.9225 276.0435 0.0116329
person 408.5471 204.7986 530.8153 262.96 0.01156544
