person 6.7466 210.4589 86.1045 465.391 0.65717363
person 89.0925 218.5572 169.1567 417.9938 0.65000641
person 331.7376 213.8544 351.4203 260.2919 0.42280534
person 322.4244 214.7186 341.7103 260.6479 0.27683556
person 348.0618 211.2788 368.4948 257.3644 0.09121499
person 206.6709 198.3919 235.3734 260.2443 0.06286934
person 119.337 235.6801 159.5359 336.0357 0.04194199
person 98.8152 222.5939 132.2387 295.0224 0.02527735
person 470.0478 243.5576 498.9712 307.2049 0.02131488
person 172.7966 157.5709 204.0406 225.4633 0.01846939
