person 223.4576 216.7353 253.5991 300.5572 0.85029948
person 477.6804 227.0398 513.792 316.3174 0.80561459
person 249.3491 213.7773 281.3274 302.0315 0.8030349
person 531.1568 233.584 600.5372 415.4102 0.77664518
person 108.2254 207.8998 142.968 299.9618 0.67820901
person 89.4996 210.9465 124.9675 301.3 0.61371666
person 149.9203 215.3683 181.47 293.6979 0.54667991
person 423.7548 219.026 446.6974 268.3396 0.17217386
person 134.5245 216.1465 161.4997 287.8573 0.07043095
person 237.151 215.1009 266.0115 300.9946 0.05755963
person 337.6464 225.728 495.8254 273.7731 0.0544063
person 455.6586 205.1847 481.2383 264.1046 0.02425634
person 402.7797 217.5311 463.5634 265.1127 0.01999488
person 545.726 227.7367 579.5587 292.0679 0.01453375
person 199.145 238.6352 222.132 287.3418 0.01413739
person 401.1423 225.0543 422.7453 267.4088 0.01174986
person 545.7647 281.1365 587.5668 395.3683 0.01029795
