person 494.5402 197.6006 554.3705 350.7256 0.75031602
person 591.6693 195.9523 637.9254 359.1857 0.72749841
person 497.525 201.8009 532.2976 289.0372 0.07344984
person 520.4112 207.9511 553.0736 281.3738 0.02693382
person 445.9646 201.5309 469.3964 259.8349 0.02544516
person 101.5332 214.2254 131.3206 272.825 0.01562832
person 15.3068 220.3888 207.897 280.1402 0.01359771
person 67.4472 309.8594 103.6523 390.6872 0.01212187
person 118.5354 206.8125 178.9231 259.3577 0.01174231
person 601.4754 257.3367 632.7478 347.6178 0.01058274
