person 411.0864 225.8468 445.9942 309.765 0.78592354
person 103.4652 219.191 135.5299 296.141 0.77476424
person 76.6475 209.2695 112.4274 301.7035 0.7612645
person 389.2037 227.4321 422.0914 308.0285 0.60143095
person 237.3757 208.0399 262.7462 272.9054 0.27857703
person 205.2169 214.2882 230.3077 277.8107 0.27379656
person 216.5953 213.0928 240.7994 276.0318 0.24780637
person 26.0192 10.4882 61.1819 92.1228 0.0344442
person 226.9872 210.5414 332.334 277.4728 0.02226462
person 448.5336 0.0 488.7086 86.521 0.01152186
person 269.5086 214.741 318.9578 265.163 0.01089143
