person 508.5023 220.7538 584.0232 469.4905 0.83222437
person 417.3158 220.9183 459.7912 334.4494 0.79521799
person 367.0781 223.9015 400.3868 306.9081 0.77443564
person 311.9192 217.1703 341.6336 287.8376 0.55252665
person 560.6002 242.8792 632.5552 492.2487 0.50303066
person 391.5774 221.8846 423.7596 306.8618 0.27821189
person 256.6184 218.0578 281.6916 266.8826 0.05522116
person 553.2586 296.12 588.9132 374.3342 0.05401231
person 405.8224 217.7882 438.9074 320.1539 0.04063968
person 281.7865 212.3739 310.7855 271.399 0.03376805
person 578.0398 241.6486 612.2144 323.2764 0.03360892
person 251.5876 182.2024 286.2564 263.2438 0.02434538
person 422.2192 263.845 450.3274 329.4961 0.02365757
