person 592.4098 211.9206 617.5178 269.0427 0.26932487
person 440.6532 334.2058 471.1688 401.9869 0.19936234
person 436.802 206.1328 456.807 239.9887 0.11394344
person 402.8943 204.0537 423.8262 245.7597 0.08067735
person 568.499 403.241 598.0841 469.7228 0.0425501
person 448.9324 206.8206 468.3825 245.9695 0.02826065
person 346.128 200.4828 475.2778 253.5843 0.02359942
person 260.9877 332.4514 285.4226 378.1742 0.02299709
person 25.7221 221.961 196.1143 292.2042 0.01976943
person 324.4428 325.8449 346.7373 360.6185 0.0176738
person 203.62 263.2301 229.6837 315.728 0.01713974
person 365.4007 207.0301 386.9045 247.2334 0.01694688
person 61.3403 302.6862 100.5447 395.9941 0.01665634
