person 342.3747 213.5246 377.204 305.024 0.74825281
person 67.8403 220.6862 128.9605 385.4231 0.71891016
person 118.074 224.0392 156.1807 331.474 0.6167044
person 360.6083 210.4874 395.7734 303.7343 0.59788245
person 141.8884 221.4871 177.8444 329.296 0.55389959
person 498.4129 196.2125 529.6519 262.9615 0.039127
person 289.9921 217.8089 312.4479 264.5241 0.0336623
person 272.7958 215.3229 294.6463 261.9412 0.02258096
person 492.2688 297.1048 528.3194 380.2857 0.01726137
person 84.5523 211.5011 115.5712 273.0847 0.01390197
person 262.9901 215.0786 328.2572 263.4522 0.01007413
