person 66.4856 213.4791 106.9181 313.6964 0.8550334
person 447.8666 230.8209 488.3528 333.5552 0.81844175
person 34.0289 203.7852 76.1694 310.1563 0.74633563
person 420.2014 229.7086 458.5976 332.5851 0.72444934
person 180.0639 204.639 211.2432 280.8176 0.57744449
person 154.1617 209.663 186.59 288.2482 0.51831985
person 211.7668 204.7129 240.3942 277.25 0.31374648
person 245.0958 211.157 320.6925 260.3886 0.11980969
person 200.3991 204.8708 227.582 280.5474 0.03341603
person 250.7534 208.4604 272.9373 254.2797 0.02826077
person 284.2963 213.463 303.6736 250.0338 0.02093936
person 423.5756 221.5273 450.8218 275.4446 0.01741881
person 217.421 210.4466 367.4926 281.0368 0.01720914
person 328.6654 176.4732 354.4979 230.2425 0.01363068
person 265.4228 211.6985 286.5408 253.505 0.01285366
person 227.4114 208.0545 256.5543 281.4082 0.0107085
