person 378.6429 224.8898 429.5071 366.6018 0.77339816
person 414.7513 228.1514 465.6845 371.7634 0.74082994
person 320.7343 212.998 362.4186 317.9487 0.72814459
person 304.2417 219.3921 333.6632 288.79 0.34114742
person 223.0128 214.732 247.1625 267.4079 0.28335661
person 243.421 213.058 272.9988 271.15 0.1315745
person 446.4916 251.6846 490.9312 365.7941 0.04572143
person 340.8212 214.6628 370.3968 289.5415 0.03644707
person 273.4302 209.0338 295.112 251.9654 0.03563167
person 427.4147 291.5391 459.7247 379.0651 0.02455479
person 0.0 245.4666 34.0699 336.2696 0.0211412
person 340.7479 206.5418 388.9946 328.6787 0.01275884
person 130.8153 256.5835 161.2133 317.7059 0.01095286
person 225.6295 208.744 297.9363 283.5412 0.01023168
