person 366.5616 204.3308 395.7876 271.7727 0.69277847
person 539.011 194.2996 563.5373 248.2084 0.56292897
person 583.991 201.0189 611.6812 270.0415 0.50813037
person 563.8112 191.69 586.3258 246.647 0.38810214
person 401.4228 208.6334 432.0367 283.7567 0.24560994
person 607.0823 200.1898 630.4548 261.9187 0.14750925
person 487.8813 197.3985 514.0196 256.678 0.09968448
person 574.1062 194.8761 600.4324 260.1464 0.08663901
person 440.594 194.5852 462.5968 243.0082 0.06081607
person 551.7436 189.868 577.7583 248.6905 0.04816063
person 560.893 192.1762 624.5576 252.2743 0.01369563
