person 175.4558 221.3656 214.3276 310.8769 0.84519637
person 215.2742 218.9061 252.7006 311.3701 0.80827188
person 427.0872 222.6116 454.4394 285.3341 0.63006675
person 609.1598 224.2412 636.065 288.4066 0.62282997
person 267.5036 214.0936 288.997 263.1185 0.20089348
person 464.895 228.147 488.4656 282.7989 0.17738749
person 258.7761 217.5115 278.9765 262.9395 0.06339337
person 592.801 237.8488 614.1722 280.052 0.03111591
person 402.0522 223.346 424.1157 267.8683 0.01788048
person 526.3137 186.5343 551.1815 240.4446 0.01657849
person 490.3532 219.258 514.733 272.1782 0.01241223
person 121.9349 171.6283 159.7779 255.7204 0.01114609
person 587.5082 221.4703 622.643 288.2087 0.01040578
