person 190.4949 233.0056 220.4354 295.7403 0.32289433
person 318.2023 212.3363 338.6175 252.137 0.31694353
person 341.8862 214.2772 360.6562 248.3502 0.05021981
person 300.6322 209.2109 432.3541 258.7658 0.02499272
person 333.2304 212.0541 387.6392 254.9122 0.01987558
person 211.7196 233.4144 239.366 288.0257 0.01751374
person 353.9142 217.133 372.3188 250.2433 0.01482175
person 327.5566 214.813 347.8995 250.7244 0.0134421
person 274.7251 215.1207 296.0102 252.8443 0.01055548
person 62.482 212.2028 99.9732 287.9014 0.01007486
