person 544.8444 196.8186 570.0453 258.1123 0.58889616
person 517.5988 197.1014 541.801 257.9738 0.33601093
person 351.7288 199.0987 375.8166 250.5064 0.16356486
person 445.1502 198.2225 464.729 233.4872 0.10791086
person 455.3204 192.8123 475.7212 233.429 0.04841689
person 355.5774 194.5689 475.402 253.1252 0.047317
person 63.6319 306.5478 99.6378 385.3911 0.02620698
person 400.3618 193.6471 422.8042 235.0353 0.02320412
person 388.8148 188.0424 568.5631 251.6637 0.01282548
person 500.1968 190.3923 552.989 251.6395 0.01154903
person 507.3878 194.3268 530.1318 249.5938 0.01090919
