person 456.0663 235.1895 494.4001 339.0141 0.74678254
person 474.3778 235.6309 509.3194 336.0948 0.6356898
person 425.9532 224.4552 454.296 295.1094 0.47804752
person 324.4625 216.7469 440.5218 277.6344 0.03161322
person 401.7095 222.1146 422.4792 265.5164 0.02846069
person 530.3184 206.0279 562.8058 280.1947 0.02377158
person 381.4479 223.5307 426.8448 274.352 0.0216512
person 312.3581 225.659 335.0809 270.4005 0.01719282
person 273.7124 255.0827 305.1618 326.9334 0.01651075
person 310.6283 221.0199 385.0921 270.7254 0.01377651
person 377.6391 220.0779 399.3909 261.3196 0.01174237
