person 524.6714 204.7932 546.3338 257.1636 0.3133103
person 510.9201 204.0631 531.8894 255.7632 0.26375529
person 465.458 199.1616 488.8796 252.6567 0.19993179
person 334.8238 204.981 357.4294 251.6925 0.07112037
person 425.3502 201.4107 445.6565 241.8653 0.06811611
person 0.0 308.9021 29.5346 422.7208 0.04715619
person 379.074 199.6306 401.6468 245.5898 0.04521182
person 482.12 200.1786 504.976 248.7191 0.02033093
person 352.2457 204.2411 374.3814 249.785 0.01365686
person 321.9415 197.8384 533.8839 256.0075 0.01313044
