person 396.9152 202.3587 416.7861 236.1689 0.13493547
person 325.5822 204.7982 345.0845 240.643 0.05742108
person 421.4966 200.4792 441.3622 241.579 0.0571405
person 363.059 196.7066 385.1008 245.3151 0.03341416
person 208.5457 232.1304 232.9191 279.3447 0.03086463
person 434.5514 199.6026 456.5769 244.1231 0.03068342
person 343.0914 269.1701 374.6466 338.0655 0.02339674
person 341.7994 196.7627 470.3473 252.4136 0.02205793
person 281.9004 283.7503 311.6181 351.6682 0.01208355
person 48.2156 292.054 86.5981 370.9044 0.01193814
person 410.072 201.6278 430.4866 240.793 0.01114125
person 237.275 285.7542 263.1889 330.5048 0.01072714
