person 548.5919 214.3797 610.934 374.8691 0.55394131
person 543.1162 206.5721 579.47 301.9016 0.14956561
person 571.0116 268.6934 607.928 373.8958 0.06727646
person 568.6538 211.4442 606.0774 296.7024 0.04081713
person 499.9494 225.7898 535.5758 316.0734 0.03008923
person 433.3045 2.1319 469.7752 79.2691 0.02083546
person 21.9418 221.5961 225.4537 282.3492 0.01812513
person 114.9533 210.6373 177.186 262.2591 0.01777192
person 557.052 286.4914 589.7848 370.6212 0.01311065
person 457.8478 202.8424 495.4256 306.5948 0.01063952
