person 444.9662 222.6666 481.8076 318.4424 0.80948472
person 527.4073 217.2421 576.5188 349.6297 0.79084319
person 493.8682 216.1209 529.8278 331.9128 0.64618403
person 471.5424 215.7371 503.4784 311.2168 0.56418288
person 321.3161 213.4921 344.7952 260.3901 0.09420404
person 316.9746 206.7459 402.7286 272.7838 0.05006503
person 376.3132 211.8384 403.709 266.6186 0.03966345
person 318.072 177.9099 351.6152 251.1937 0.03901403
person 530.4134 274.4339 561.4184 347.2371 0.02236536
person 508.0822 223.1211 536.8138 304.3374 0.01240502
