person 155.3429 214.1326 187.9856 294.1146 0.23731002
person 294.1092 207.776 316.3938 259.0202 0.08334788
person 315.1892 213.9004 337.5538 266.1989 0.05751768
person 322.6043 215.7926 386.3594 271.3025 0.0483083
person 200.2884 212.4868 403.3628 279.0441 0.03790495
person 308.5826 205.5821 345.313 300.2717 0.0251653
person 343.4472 214.3889 366.218 260.1774 0.02061318
person 151.8061 258.1998 194.9918 346.949 0.01995307
person 174.685 219.6704 208.1386 288.4166 0.0185179
person 285.0746 205.7197 373.7381 258.506 0.01593598
person 253.9352 259.7902 295.0426 360.4273 0.01548592
person 55.9238 207.3248 440.8044 301.6858 0.01449817
person 303.8756 210.094 326.3841 260.0633 0.01268499
person 227.7355 204.2496 248.7328 243.6331 0.01074017
