person 452.5034 337.5882 483.555 403.6744 0.14269249
person 437.1519 202.4704 457.1008 236.8784 0.10558058
person 404.7969 202.6598 425.3454 242.7787 0.07562909
person 355.7052 197.6947 486.7792 251.4834 0.02369728
person 327.7939 342.6967 350.7025 379.9848 0.02317928
person 368.2458 205.9362 388.6117 243.3146 0.02049539
person 590.2108 415.1489 618.4554 475.977 0.01718736
person 447.824 204.2581 468.4013 242.593 0.01496772
person 19.1246 222.0389 192.6615 288.8046 0.01215806
person 352.5509 351.7665 379.557 403.5038 0.01127012
person 395.7597 202.8292 415.3826 241.421 0.01070345
