person 306.2601 212.5995 338.855 299.0168 0.46888933
person 189.9306 202.9859 215.2034 260.058 0.42249921
person 285.105 204.8987 320.3919 298.4561 0.41113293
person 230.9375 204.8986 252.3346 253.6811 0.33796597
person 162.8883 197.0497 187.3556 243.4798 0.06061387
person 254.5443 208.0834 285.7744 275.5742 0.05537795
person 314.2038 263.0114 339.6828 309.6482 0.03232274
person 240.0186 202.535 262.1288 253.0588 0.0264177
person 180.2529 202.647 203.985 254.5921 0.02536977
person 249.8006 201.9341 272.5818 255.5332 0.02166991
person 412.2778 190.2254 433.098 226.3658 0.01632047
person 189.1307 200.1989 278.3604 271.3627 0.01605134
person 178.0256 198.7235 238.8726 254.9364 0.01181357
