person 363.5513 203.3838 389.6238 266.2005 0.63260609
person 576.4731 204.1858 604.3114 272.5446 0.52192616
person 546.7771 195.0604 569.0164 248.1218 0.41848701
person 518.1509 201.4397 540.7163 249.2798 0.25027546
person 478.459 202.0185 501.655 249.8677 0.24951752
person 600.5 203.0167 625.0212 260.5574 0.15869781
person 568.2092 201.5943 591.352 261.3941 0.0728486
person 558.4207 195.4396 617.7092 260.1346 0.02713819
person 561.754 195.6495 583.2234 244.0252 0.02704201
person 433.8292 201.0521 454.0374 241.7149 0.02664287
person 405.4109 203.5393 435.581 279.1483 0.02567023
person 467.4368 208.207 489.47 251.8658 0.02367148
person 454.5518 196.2783 631.1247 254.223 0.01922398
person 68.2525 306.4425 106.933 401.6178 0.01162711
