person 401.0821 220.7508 421.2816 258.6493 0.1646468
person 312.5312 234.4573 338.3363 288.3145 0.08692614
person 127.5508 275.3536 158.5658 347.9759 0.05860903
person 213.314 222.8354 244.0947 282.9268 0.01974828
person 412.965 218.3694 434.0069 258.6312 0.01751459
person 522.4502 209.4956 543.037 243.5036 0.01485728
person 282.5382 272.8885 307.2679 319.7568 0.01288614
person 392.8611 213.7043 429.85 267.6045 0.01227167
person 55.175 310.7539 92.251 394.9754 0.01130352
person 304.0662 261.7183 328.2651 314.1445 0.01090317
