person 572.3418 224.1756 629.0813 392.2659 0.83833861
person 457.8218 226.8543 500.195 348.0486 0.75163686
person 529.5295 217.1441 574.7976 367.2054 0.6490497
person 482.0978 228.3442 521.1494 349.5513 0.45293844
person 513.7428 247.3142 546.025 338.0438 0.30060613
person 301.5469 212.1774 331.9086 275.1163 0.24569529
person 575.0692 287.3928 612.8656 382.0104 0.16329595
person 142.4799 199.1635 170.9744 261.6269 0.12677112
person 340.5126 208.0093 381.8496 271.1034 0.06151053
person 495.0328 281.4061 523.5053 345.5246 0.04358664
person 302.582 215.6986 405.3616 301.5719 0.0130104
person 448.4616 210.9975 469.9575 255.3778 0.01106754
person 387.1691 210.447 408.6957 252.7816 0.0101117
