person 383.5628 219.733 414.8738 298.1972 0.76728016
person 568.4789 246.6952 625.8936 404.3652 0.75184405
person 508.3315 215.2473 546.046 331.8416 0.73191869
person 361.5968 219.9648 393.228 296.3264 0.69825071
person 485.5416 221.8898 525.8104 333.8438 0.68436033
person 600.9284 240.6522 638.3584 397.5975 0.12911391
person 133.2154 268.3587 171.3598 340.0031 0.09593554
person 466.5354 220.718 484.683 256.5112 0.03558637
person 614.5466 233.9372 639.0 303.0115 0.01759344
person 587.0153 235.4388 618.7814 310.0192 0.01673843
person 395.8378 220.7913 421.9223 277.924 0.01567866
person 572.5418 205.663 638.9704 342.0956 0.01530719
person 578.2908 274.4175 612.5553 378.3128 0.01108329
person 408.1864 217.9748 429.2338 255.985 0.01061631
