person 55.8306 209.9918 97.1505 311.3032 0.34003773
person 276.3988 214.2853 337.6042 271.8656 0.05448033
person 298.58 212.5002 322.1008 259.0696 0.02409552
person 194.0662 211.9757 380.8217 279.6021 0.02043052
person 0.0 206.6142 425.8494 291.815 0.02036544
person 67.7293 270.8278 113.7179 369.725 0.01902726
person 278.9283 211.7352 302.0429 258.9628 0.0170424
person 89.7528 215.7848 118.0223 270.7319 0.01641306
person 245.0284 205.4722 276.9277 287.0052 0.01446516
person 52.0186 216.6978 188.3115 302.0596 0.0115657
person 463.7612 183.3794 521.2292 309.9956 0.01139473
