person 420.3862 203.8252 439.9598 242.2268 0.09309844
person 397.5375 202.8825 417.5133 238.0568 0.08045597
person 302.9048 322.295 335.5317 395.1316 0.06760941
person 365.0401 197.3971 388.4336 245.6594 0.06520079
person 330.27 206.4486 350.3032 243.1521 0.03839331
person 344.3835 198.6852 472.095 254.4206 0.02355484
person 230.2367 284.1835 258.4946 340.608 0.02335919
person 367.5054 272.1906 401.3668 348.4466 0.02309734
person 435.109 200.8937 455.8182 242.4944 0.02041136
person 409.8 203.5953 429.6868 240.5046 0.01789298
person 13.3596 221.6742 201.5643 279.9309 0.01259677
person 399.1504 199.1147 452.5185 244.1982 0.0119886
person 307.0768 287.1513 336.545 354.109 0.01085259
