person 411.0196 204.7672 431.8547 240.3345 0.07072502
person 379.1858 200.1323 399.8135 241.4289 0.06323422
person 345.8396 319.1576 373.9361 383.1133 0.04550439
person 427.5765 206.7011 447.1374 242.2556 0.04194597
person 344.0004 206.9744 364.4643 242.4654 0.03815318
person 444.2851 201.956 464.0186 242.9122 0.03257843
person 415.7915 354.0259 451.9945 429.6446 0.02072218
person 360.2561 196.0855 474.3154 254.8954 0.01821541
person 114.2794 282.9679 148.7223 355.191 0.01546894
person 404.4968 201.5222 451.8614 246.2453 0.01282179
person 303.2696 291.4033 329.9378 341.1953 0.01213226
person 412.0582 273.8044 447.0236 340.3324 0.01173224
