person 110.8475 236.0506 166.1554 382.0134 0.80711269
person 381.2753 217.7073 416.305 312.2423 0.73884147
person 66.8527 230.3381 122.3732 387.0416 0.72263032
person 359.8236 221.4827 395.803 318.5649 0.71171248
person 515.4671 231.8075 534.3809 265.9188 0.02611989
person 131.9613 250.9124 170.4128 342.2962 0.02542934
person 485.4186 230.6898 504.7677 266.4646 0.0215542
person 41.6157 238.6852 76.295 317.5738 0.01890277
person 305.3607 221.4694 326.8993 263.9925 0.01863005
person 470.8868 222.4354 617.6854 287.9554 0.01794123
person 336.0856 217.3011 355.3242 250.224 0.0126571
person 270.9747 217.0434 351.8934 262.8394 0.01161784
person 502.5058 219.3402 570.8229 271.4676 0.01069704
