person 423.4448 226.3519 482.0088 376.2878 0.78492349
person 302.3162 217.63 332.3853 291.5002 0.49445656
person 318.9891 216.043 348.889 288.2082 0.35482097
person 170.2123 212.8068 207.6159 290.5764 0.13174224
person 25.4259 210.5785 62.4493 274.6077 0.04769614
person 204.6179 214.1058 229.2108 255.2468 0.0476281
person 176.0235 216.219 302.7722 276.2174 0.04286344
person 258.722 215.6839 280.5599 259.2044 0.0330763
person 35.335 203.9513 414.7763 296.0063 0.01815689
person 332.6092 215.6059 360.65 283.1104 0.01670583
person 435.905 230.9452 458.2574 271.2638 0.01508269
person 602.2074 89.7228 634.2324 160.0558 0.01223584
person 432.3416 233.0262 469.1124 322.9628 0.01122659
person 503.3886 225.2937 523.6377 263.2132 0.01112817
person 248.3759 215.5386 269.834 259.267 0.01085442
person 177.0554 210.8802 201.3276 254.7351 0.01004438
