person 73.9618 212.8198 121.4038 344.7872 0.80896401
person 37.1024 217.9282 85.2164 342.5422 0.78665227
person 568.7668 226.6339 636.5627 418.9797 0.7195816
person 475.131 233.3149 515.0733 337.9874 0.66862047
person 503.1944 230.0922 541.5708 334.8249 0.48980162
person 136.4716 203.8496 164.3652 263.3326 0.22484554
person 343.762 210.2397 368.6268 264.9126 0.03529508
person 263.0618 210.4257 314.8142 255.9674 0.02828737
person 575.3854 231.6417 615.2628 350.0574 0.02715301
person 517.6128 221.9945 575.0216 361.5304 0.01583591
person 480.6406 280.3946 509.3638 341.3566 0.0131216
person 579.1828 306.2408 624.8756 435.7834 0.01105227
person 79.1626 165.4634 116.6536 258.2354 0.01020961
