person 387.7087 222.5115 428.1589 325.9869 0.753106
person 0.3181 226.1257 55.5043 469.7874 0.42883179
person 220.7559 213.8273 307.158 262.2444 0.1137246
person 292.9192 213.1598 322.1681 280.524 0.08769532
person 308.5424 211.1085 338.7167 279.7007 0.04801743
person 267.0843 217.5038 286.5947 255.248 0.03313508
person 406.1236 229.5448 443.0476 325.8335 0.03108646
person 114.6329 224.2326 140.7411 274.2891 0.02341729
person 431.5964 193.6943 462.918 251.8604 0.02204969
person 227.4499 215.6948 252.0091 261.958 0.01930762
person 251.6243 217.1664 272.5012 257.2118 0.01807089
person 65.5903 218.9761 95.378 265.2774 0.01635285
person 221.5721 219.1765 354.9725 292.1612 0.01536941
person 17.8308 142.8818 53.9936 222.6302 0.01079093
