person 537.2998 204.4833 559.2318 260.2083 0.39308053
person 499.3018 200.9557 524.3648 260.3517 0.2916286
person 345.6026 205.8137 369.549 255.4336 0.12460906
person 436.539 200.834 457.1874 242.4079 0.08046067
person 546.7082 204.0379 570.6524 256.8888 0.07565854
person 128.4 266.943 167.5811 364.0812 0.05336527
person 392.1984 199.6934 415.3241 247.4489 0.05145185
person 368.8719 203.077 392.8463 255.5167 0.04255115
person 490.2024 197.754 511.9534 247.8011 0.03882358
person 291.2744 192.9238 326.9276 278.6221 0.03198018
person 509.3147 198.1834 532.5396 251.0776 0.02653574
person 348.4689 197.432 462.6249 256.9263 0.0241982
person 382.354 193.5066 574.5896 259.0865 0.01091618
