person 561.6065 220.6641 582.3672 263.2356 0.14870542
person 388.6168 312.3978 417.1857 377.8294 0.10699121
person 429.7893 205.0914 449.1159 240.4694 0.0854454
person 396.4396 209.3144 416.6877 248.2208 0.07793142
person 92.0836 246.5407 131.1787 338.5368 0.04799579
person 278.6042 291.629 300.5658 336.493 0.04285808
person 364.4832 209.6098 384.5882 246.9734 0.03724197
person 194.9312 221.9957 226.5377 293.3959 0.03376051
person 441.4836 209.3128 461.1578 243.6583 0.03088627
person 344.7917 295.2554 371.8478 354.2877 0.02610016
person 266.1476 289.9466 290.829 341.3849 0.02578658
person 346.069 203.1717 479.9373 256.5401 0.02475117
person 459.6216 206.6824 479.8754 248.061 0.01755015
person 316.7488 292.1041 350.1996 364.4037 0.01688399
