person 566.4234 217.1551 589.4312 264.1351 0.22731692
person 435.3832 207.333 455.3912 241.6686 0.10739767
person 400.6151 205.8316 421.8074 245.386 0.08194837
person 324.6824 299.002 353.4002 362.7694 0.06796488
person 346.426 294.9646 373.0128 356.5402 0.05750955
person 415.5841 324.3403 441.1172 384.1848 0.04556729
person 185.3597 220.1482 221.6051 298.4414 0.04247179
person 278.3302 297.0156 303.3689 346.302 0.03191314
person 367.5194 207.4676 388.9127 246.8838 0.02213527
person 343.5733 200.9364 476.1828 254.61 0.01619266
person 222.0355 259.3309 246.4844 304.5372 0.01584972
person 464.2248 202.6957 486.6842 249.3482 0.01489701
person 448.7579 206.9563 468.6136 247.4428 0.01482491
person 312.7403 299.829 339.7997 360.8526 0.01168297
person 502.3398 279.8334 529.4038 328.746 0.01045734
person 21.5422 221.928 221.5132 285.1726 0.01010543
