person 557.6624 213.9228 583.0025 277.6009 0.26246512
person 479.3088 208.4875 500.7496 252.4184 0.24028397
person 361.4789 213.9824 386.2016 265.3937 0.17942511
person 460.348 209.3523 483.8901 252.8138 0.16793993
person 516.5825 204.2941 537.3202 244.8498 0.14586097
person 547.9386 211.7022 570.5815 264.1324 0.08390861
person 530.748 205.4 551.687 250.6922 0.07093299
person 537.9898 212.3364 559.1834 257.5835 0.03090264
person 394.1806 205.4057 591.7428 263.587 0.02671393
person 423.4656 205.432 445.4396 249.7404 0.01330628
person 520.3854 207.6575 583.8878 257.1576 0.01279497
person 73.755 321.692 108.1352 389.9861 0.01246072
