person 226.9929 211.1044 274.1814 327.6698 0.83590347
person 280.17 222.0233 317.122 309.2511 0.58733433
person 527.5086 246.7011 602.1506 463.3976 0.56793404
person 404.1837 212.0646 426.9117 264.5239 0.21720302
person 3.3421 194.0198 39.552 274.7566 0.1605823
person 374.4611 211.973 396.0608 258.747 0.14333697
person 561.0349 236.2742 632.7937 488.8672 0.13285229
person 340.9094 216.4007 374.3786 284.8554 0.10061657
person 565.9905 243.1098 606.6214 341.5219 0.07126486
person 549.1083 294.0106 591.1299 421.9972 0.05497467
person 330.334 215.921 449.7737 272.7161 0.04273098
person 489.7272 181.209 533.774 269.5112 0.02657007
person 598.5604 275.0597 637.8338 468.1456 0.01527421
person 262.5743 207.0653 353.4644 309.255 0.01393749
person 414.0657 211.6537 435.8724 257.4458 0.0137876
person 322.7518 214.8967 355.9365 284.4821 0.01137044
person 360.4414 214.0525 412.9171 266.7822 0.01058654
person 394.8828 213.7028 415.8462 258.874 0.01008149
