person 403.6107 204.1742 424.5284 240.9618 0.09607609
person 371.2748 197.5357 392.3538 242.4903 0.06587717
person 336.2878 205.3709 356.4885 242.4864 0.06234046
person 442.0189 200.7193 463.2693 244.2307 0.02825593
person 426.1372 202.1479 445.999 241.8289 0.02823703
person 341.5182 197.3833 474.6996 253.4425 0.02248583
person 394.4547 352.9044 430.2022 434.4351 0.01926847
person 294.8136 290.1423 320.6984 344.9278 0.01367217
person 12.2073 221.6819 207.5038 278.5353 0.01301376
person 256.3244 290.7357 280.3283 339.0112 0.01287783
person 399.5311 199.6283 452.6916 246.2509 0.01119573
person 281.7227 300.9791 306.114 348.3745 0.01077988
person 393.8838 271.52 427.8672 340.0436 0.0100412
