person 114.6808 207.9298 163.3304 334.8886 0.83579409
person 517.6894 231.0112 595.239 448.9868 0.70807666
person 317.474 216.81 349.0092 297.848 0.64837581
person 335.8454 212.754 368.0282 297.9948 0.54237032
person 153.8248 215.3014 195.9076 314.3071 0.54198909
person 90.4762 223.5237 115.0103 266.5326 0.10663564
person 530.0336 217.5097 560.8455 294.2193 0.10324407
person 361.6528 218.6396 385.9904 277.7788 0.09974201
person 5.1047 213.3475 43.4655 288.8394 0.06335351
person 272.0056 215.51 294.3562 263.0222 0.05187181
person 350.1426 215.5606 374.6793 282.996 0.02209556
person 126.8304 190.6098 155.3505 247.4958 0.02084
person 501.4063 219.5706 530.1836 277.7637 0.01903199
person 256.4226 213.0984 278.0468 260.3815 0.01278165
person 542.8936 222.9199 568.2288 281.8628 0.01095514
