person 472.1534 232.0582 531.8488 407.0342 0.84137815
person 259.2582 208.3572 300.0096 307.1196 0.76771826
person 517.9717 224.5791 579.3864 418.8007 0.74356872
person 572.4442 226.3134 638.3408 423.6956 0.599859
person 87.3455 196.6402 116.2448 259.1871 0.25865486
person 312.8746 204.8709 336.9355 254.5 0.10656257
person 376.7276 211.7432 396.9985 255.3656 0.10268622
person 341.55 217.4142 380.4418 267.6127 0.06395885
person 322.0224 209.4086 409.0118 267.0243 0.04760492
person 335.3852 214.5766 358.7059 265.9563 0.03771369
person 425.7707 214.6479 447.7022 256.5068 0.02156908
person 504.4867 301.5517 542.8639 412.2593 0.02083776
person 529.9048 333.9469 564.0828 421.2098 0.01555899
person 527.2093 232.7646 555.6716 282.9773 0.01426329
person 545.2904 240.4894 582.1066 359.09 0.01129575
person 411.3302 212.0628 479.4032 260.8436 0.01008421
