person 117.8593 218.722 165.3792 328.0582 0.3884719
person 251.3111 217.7073 273.9623 265.7142 0.1944927
person 275.3742 218.3532 296.9173 266.03 0.1435205
person 84.6976 225.034 120.3471 291.497 0.06507411
person 291.1012 218.2085 315.7902 273.0827 0.04045757
person 207.1126 217.5077 337.3816 273.5848 0.03074279
person 261.5193 223.3599 321.3649 271.0807 0.015355
person 59.2161 306.9796 95.2463 378.3956 0.01273944
person 38.3072 220.2925 149.8805 308.894 0.0120511
person 95.6024 203.5256 452.4824 289.4981 0.01178609
