person 455.1484 226.8146 518.5468 414.7444 0.84179407
person 344.7474 211.7106 386.4276 318.5366 0.81730181
person 399.1506 221.157 463.6918 409.5473 0.81244498
person 314.9739 214.4472 344.937 289.5665 0.63100284
person 264.176 213.5676 288.801 270.5344 0.19838177
person 421.5633 260.8842 460.8933 377.5 0.17253214
person 337.1803 216.2984 367.2073 304.7087 0.17189917
person 219.4932 212.4843 245.6196 266.4959 0.15837355
person 241.0013 210.4017 263.386 264.0671 0.15492885
person 397.4946 235.1635 432.9054 341.9863 0.04016065
person 296.7926 216.2044 319.1933 268.7662 0.03562919
person 490.2026 269.522 525.9526 348.807 0.0294558
person 227.1686 210.126 307.0418 267.8829 0.01950266
person 305.3951 222.1707 330.9607 280.4576 0.01739735
person 356.3706 249.1961 382.948 313.5135 0.01343025
person 465.9909 229.7202 495.8897 285.4558 0.01164428
