person 570.8772 199.9768 599.7181 267.7775 0.68146425
person 605.0454 205.7096 635.1903 285.0462 0.61269885
person 363.0901 200.4098 388.7128 257.6467 0.35335046
person 503.8694 197.8032 526.4194 245.8345 0.3026064
person 536.6876 191.9672 558.0128 240.6264 0.24543239
person 409.8938 199.8568 436.891 263.687 0.17693506
person 472.1944 199.5811 496.8784 245.6413 0.15460074
person 99.9173 288.7132 139.7187 377.9574 0.08634975
person 429.9838 196.6941 456.1552 257.4654 0.08582243
person 563.4946 198.6843 586.5713 255.1578 0.04527626
person 397.422 203.1516 426.9498 274.6524 0.02774822
person 552.5413 194.7597 572.9738 242.8571 0.02733599
person 583.7431 198.6718 615.0855 273.3024 0.01597257
person 456.7244 192.005 611.642 254.3249 0.01246382
