person 5.8698 224.7269 65.8648 396.1523 0.74376267
person 54.5867 209.8435 108.6967 372.9583 0.66704345
person 94.7505 205.0156 160.9172 391.2945 0.53789032
person 191.3656 218.3014 224.4018 298.019 0.311795
person 125.6469 284.8765 165.6034 379.8127 0.19964048
person 217.3786 217.4452 247.1079 289.6994 0.13558133
person 281.8626 213.8879 303.5138 259.7088 0.12190443
person 274.9056 217.5998 354.0676 267.2927 0.11985114
person 30.747 253.7106 70.4447 372.9634 0.11202934
person 251.6276 210.4108 277.9935 267.4255 0.10290767
person 303.9346 216.7331 324.6314 259.5572 0.04150576
person 222.1304 218.8448 400.8956 288.3198 0.04031676
person 102.134 285.8904 137.637 372.65 0.02375163
person 105.9527 208.2284 147.135 304.1791 0.0193084
person 313.3728 217.5729 334.0914 258.7676 0.01633457
person 105.5103 207.3675 489.1911 294.8284 0.01257827
person 87.4667 282.7911 122.4505 369.396 0.01088111
person 363.6059 178.3239 389.7307 236.3766 0.01063958
person 214.0624 143.3712 242.0318 202.2295 0.01001312
