person 305.1405 215.3823 331.2302 276.2203 0.37340537
person 346.6371 221.8258 369.1429 271.5859 0.24124575
person 137.9846 222.2655 174.8709 299.6409 0.235479
person 331.386 217.366 352.903 269.2013 0.14530328
person 295.7423 216.1096 385.7152 271.2626 0.03082666
person 319.1088 215.1236 344.3148 272.5569 0.02863701
person 119.0581 255.1337 149.8391 324.6585 0.02591571
person 361.4378 223.9428 388.2398 282.39 0.01610355
person 215.2178 210.2768 403.0206 278.991 0.01438421
person 187.8209 223.6074 225.7496 294.2532 0.01323064
