person 97.5989 211.2193 151.7972 351.7792 0.78387463
person 40.0149 218.1445 92.9459 347.5907 0.77940154
person 454.1348 230.9814 485.6129 310.0418 0.77131015
person 414.1878 220.5788 448.5144 307.5808 0.76421213
person 596.2656 227.2286 629.9438 314.6432 0.7083813
person 198.8068 212.9286 222.7151 272.4292 0.50993639
person 372.6359 221.1746 395.7503 274.811 0.40113327
person 184.5632 212.3505 208.1968 271.0654 0.24942431
person 397.3048 223.6064 424.4895 289.9748 0.16096298
person 352.9645 220.7195 375.89 271.547 0.08057568
person 500.0978 216.402 523.5358 267.8796 0.0770705
person 534.094 174.3216 564.8354 245.6456 0.04156835
person 71.3292 213.863 129.0446 353.2442 0.01104093
