person 572.1255 214.9957 598.8482 280.2006 0.5341844
person 264.047 218.5921 286.366 262.9734 0.27148086
person 117.8867 211.7764 140.2668 262.317 0.1846994
person 213.0051 217.8582 232.7387 252.4066 0.1773607
person 513.9259 224.1426 535.5532 266.3339 0.11607891
person 133.5786 215.4116 155.5082 259.798 0.09953996
person 561.19 215.622 585.5265 280.13 0.08769573
person 530.4692 220.9837 558.9054 287.3636 0.07684427
person 222.5674 216.2752 243.4004 253.95 0.03698913
person 143.539 215.762 319.3269 278.9908 0.01529707
