person 483.4072 232.9197 517.9073 324.9464 0.82351971
person 431.87 221.9089 472.7588 328.5056 0.82335907
person 163.6222 218.9553 194.6495 292.8654 0.73997068
person 382.773 224.7885 411.2016 288.2282 0.70998472
person 358.5136 222.566 387.2268 288.8641 0.70349562
person 21.0816 212.0785 92.1817 392.8941 0.68765908
person 143.244 217.5514 173.2539 287.9669 0.52669996
person 535.8092 214.4529 560.7336 268.8584 0.1435383
person 70.7984 247.3277 105.7232 324.9184 0.05669654
person 243.3662 214.5165 314.1316 267.1671 0.0271464
person 483.5792 279.0511 511.1605 336.2618 0.01817177
person 571.5929 163.2474 600.0321 226.0559 0.01531314
person 230.8669 215.2158 261.5693 280.1816 0.01383656
person 127.7195 194.9862 157.889 258.2396 0.01160586
