person 563.7463 213.2977 587.8362 273.1654 0.33676007
person 495.7535 208.5735 516.5614 252.2021 0.27709249
person 577.654 211.4647 603.0951 274.9878 0.2393508
person 364.0658 213.9672 390.2552 265.9732 0.17683764
person 468.1898 209.1318 493.3686 257.0638 0.1290407
person 528.917 204.6789 549.847 246.2222 0.10350744
person 122.5183 292.7088 160.6978 374.5646 0.05342234
person 539.1942 205.4106 559.1901 248.6235 0.04731792
person 392.7544 207.521 588.251 267.3705 0.0324818
person 423.7376 205.8098 447.4044 256.3206 0.03243957
person 556.3266 209.7494 578.072 262.4472 0.02086157
person 394.9749 209.1476 426.055 273.686 0.01310821
