person 380.5256 219.6265 403.3074 260.7895 0.15215003
person 454.617 218.6003 478.9212 271.9176 0.11152086
person 218.1116 218.2094 239.4064 254.6755 0.08315518
person 420.6092 225.2796 442.727 264.6342 0.06204674
person 212.2099 217.4378 381.4946 286.78 0.01922008
person 141.52 208.3174 537.9461 293.8354 0.01628924
person 209.6267 210.9266 252.7418 262.9074 0.01427002
person 253.7002 219.6938 318.2243 275.9146 0.01359187
person 381.4224 212.9333 496.7854 275.7344 0.01055986
person 207.4732 215.1171 229.5813 256.9094 0.01046221
