person 451.8234 202.7474 477.9981 263.4796 0.66197336
person 488.216 197.367 510.5004 249.8813 0.43796933
person 503.4898 196.6573 526.0032 251.7868 0.40074387
person 98.9763 288.0803 126.3561 347.1656 0.07936507
person 539.4176 202.3741 560.7022 242.9161 0.0763097
person 97.3408 204.407 130.3874 280.8928 0.0547576
person 162.4484 234.1309 191.3079 290.3799 0.05417818
person 17.9215 215.5682 205.4436 270.0856 0.01832887
person 367.8503 198.6354 391.084 247.0218 0.01384336
person 209.2774 242.8835 235.2529 293.5468 0.01299773
person 42.2059 204.6324 125.7772 249.1547 0.01007252
