person 168.8014 231.8448 231.1924 407.3322 0.84578687
person 110.8825 232.1099 176.8692 407.0561 0.8227278
person 159.6881 201.9965 188.448 261.8486 0.03426323
person 468.628 215.7178 622.4562 289.3668 0.01904948
person 184.1884 228.243 211.874 282.144 0.01820033
person 122.9261 219.616 167.8243 318.5446 0.01810919
person 159.2147 227.043 189.1426 292.208 0.01610112
person 181.5253 300.8782 218.9852 404.7638 0.01398923
person 105.7292 256.5535 144.3949 351.8707 0.01156264
person 562.6151 306.525 601.4306 411.6065 0.01012671
