person 527.2036 221.8232 552.5978 285.0812 0.5187456
person 286.8639 218.5666 308.3968 259.4332 0.21450762
person 144.1896 215.4326 166.8221 259.0672 0.197336
person 505.5602 221.3938 526.2204 269.5234 0.19480152
person 210.4284 214.8989 231.9809 251.4455 0.18719581
person 490.2655 220.8561 511.8776 266.2429 0.12087931
person 552.8762 215.4245 578.7038 284.5379 0.06325027
person 136.4586 211.8222 323.4536 274.6434 0.0229107
person 218.1444 212.7538 242.3372 255.815 0.01013186
person 73.3985 201.5075 461.3044 284.1978 0.01008914
