person 506.7334 199.7151 528.1588 250.9308 0.34980938
person 455.0322 193.0237 477.173 241.7174 0.14193411
person 516.8682 199.1882 538.4768 249.3235 0.1356803
person 343.3328 200.0627 363.926 241.0865 0.09819937
person 420.1438 197.266 440.199 234.2762 0.09082507
person 122.3266 272.6019 154.6981 341.1196 0.07917266
person 406.4344 190.0933 543.938 243.0362 0.02371214
person 222.1937 237.6134 263.649 330.284 0.02231047
person 378.4783 196.0692 400.3552 240.7905 0.01816017
person 336.397 195.325 470.1285 248.8658 0.01248879
person 334.8362 196.525 390.4703 246.2003 0.01044182
