person 373.904 213.0163 407.9651 319.9292 0.79129267
person 399.7066 209.545 436.7075 315.1106 0.78421628
person 15.1896 247.8606 105.6339 489.6272 0.58124119
person 0.0 246.4736 43.2661 433.7148 0.0353321
person 65.1694 275.4972 107.5572 374.7929 0.03399359
person 312.2436 217.5638 335.4378 267.5348 0.03161991
person 388.1573 217.3945 419.5812 303.918 0.02162592
person 517.075 222.203 595.4186 281.1366 0.017766
person 278.3534 215.7069 351.4366 264.1353 0.01683331
person 518.4214 227.8938 541.1986 269.0059 0.01632817
person 553.133 233.6615 572.7606 266.9971 0.01026479
