person 452.4875 217.5044 490.1183 325.4451 0.77021909
person 427.7297 217.9945 467.5055 331.804 0.76694006
person 335.5893 220.1346 363.5562 291.6072 0.58623856
person 520.4534 235.4773 561.4242 341.3919 0.51508653
person 557.4038 228.2318 583.3678 289.7145 0.38098487
person 610.1456 231.8975 635.1102 291.1765 0.30783847
person 315.6293 218.4793 343.3893 288.1214 0.22796932
person 580.9632 231.4088 605.6458 286.2017 0.1031983
person 368.605 219.1141 387.6308 251.6406 0.02214179
person 508.9468 210.1944 584.3438 311.9274 0.02111191
person 467.7534 214.0922 519.1771 334.1089 0.01374057
person 554.6475 222.3303 625.1921 299.6743 0.01077234
person 303.5283 223.7096 331.3389 285.304 0.01013996
