person 519.5194 221.1514 547.4332 287.7161 0.51486295
person 498.9661 223.7596 525.9376 287.1422 0.42063951
person 164.6726 215.0753 187.7561 260.991 0.25031957
person 208.1261 216.6518 229.6538 252.2146 0.21733023
person 460.7734 221.5079 482.6604 264.969 0.20455362
person 307.1876 221.3878 328.626 261.2468 0.0984148
person 483.8375 221.6362 504.3825 271.4014 0.05510967
person 490.5299 225.7398 513.7646 282.3008 0.04674016
person 472.8548 222.4429 494.4922 269.6374 0.01989269
person 155.0238 209.2264 257.149 271.1656 0.01804405
