person 254.0535 213.8628 285.5737 294.4335 0.5264253
person 231.9174 208.229 265.7056 293.576 0.39546153
person 153.379 204.4979 177.1519 258.8052 0.23550653
person 200.8407 204.3039 235.9024 283.5448 0.05587106
person 168.68 205.9476 191.8554 257.4442 0.05297387
person 125.3054 199.4322 237.0222 261.9766 0.04656573
person 187.8589 205.514 209.1118 254.9558 0.02652185
person 142.722 201.3672 165.8328 254.6266 0.0214056
person 116.3185 202.0957 141.1589 249.6355 0.02004362
person 145.2418 214.352 287.4209 295.5544 0.01116145
