person 367.2782 311.5458 395.2296 377.7209 0.12559496
person 420.662 204.8587 440.5909 238.8283 0.06730168
person 436.2696 205.6954 455.7724 240.2154 0.05627898
person 386.7421 201.9819 407.8089 245.5583 0.04413916
person 354.2643 205.6986 374.9493 243.5719 0.03300159
person 451.9688 202.167 472.0048 242.2219 0.03063855
person 104.5763 278.9579 142.741 361.8977 0.0231919
person 359.078 197.7172 483.6032 252.6948 0.02180817
person 273.1713 287.9758 296.2344 331.2001 0.02129843
person 613.3952 201.036 637.9016 261.5686 0.01819679
person 438.0392 269.7797 475.6797 355.0666 0.01789963
person 260.832 288.512 287.8757 339.4584 0.01517605
person 332.3489 290.7334 361.5171 343.0991 0.01255736
person 442.7394 354.327 478.1627 428.1769 0.01007417
