person 545.2006 194.0547 573.6618 261.9782 0.76539022
person 469.0711 205.3438 496.396 270.216 0.73720986
person 505.961 199.1137 530.596 256.1469 0.65389895
person 56.2778 205.9958 92.0646 283.3886 0.16491754
person 8.2151 219.1868 194.2663 279.1617 0.02550143
person 361.0181 199.8347 390.4713 260.3296 0.01925508
person 144.1698 240.1376 175.0355 299.7508 0.01751955
person 3.5805 207.3858 71.3466 256.2322 0.01490238
person 207.6712 249.877 231.9069 302.625 0.0146516
person 481.9202 205.2909 510.758 265.6659 0.01304044
