person 523.0112 202.7248 545.223 255.1886 0.37546304
person 536.5514 203.5553 558.0069 258.419 0.25520343
person 482.5604 200.8207 505.7022 253.9349 0.23368748
person 336.6669 204.4333 361.6678 255.3657 0.1402217
person 433.9706 194.9784 458.4564 247.7991 0.04421559
person 139.9002 256.8793 173.736 327.0019 0.03622666
person 494.0296 199.3414 517.5033 251.904 0.03268635
person 188.5204 255.4995 225.5105 338.2377 0.0269358
person 383.2907 197.0609 405.6901 240.9693 0.0247663
person 474.3377 193.7803 497.0176 242.8003 0.02266564
person 486.6012 194.6342 559.615 250.7936 0.01195165
