person 445.6158 202.1221 487.265 310.6755 0.84140068
person 497.965 199.0712 542.5334 313.9662 0.78654182
person 615.3448 194.9867 638.9666 255.1466 0.38661385
person 432.8686 204.4131 457.9834 272.5146 0.10836463
person 404.966 197.6145 432.7692 263.7658 0.07549708
person 439.5186 211.8069 469.1106 293.5588 0.04482825
person 375.4729 193.5505 399.315 243.0876 0.0271703
person 473.4524 204.0075 524.8512 321.648 0.01597956
person 502.8338 249.5275 534.5248 321.0965 0.01261452
person 113.803 210.3866 141.8174 258.4337 0.01256839
