person 408.6131 202.8339 441.9174 280.9835 0.76434547
person 377.3562 202.7218 407.2042 274.9072 0.71900266
person 600.6223 191.3048 632.0308 272.2677 0.69139493
person 575.834 193.0822 597.9787 248.875 0.34478733
person 514.9354 197.2208 536.6406 244.8853 0.25204775
person 592.447 192.9902 617.1246 261.8662 0.14959012
person 490.5802 211.8784 513.4212 248.9203 0.03061436
person 393.434 201.1402 425.7414 283.1934 0.02566884
person 307.0159 254.2285 343.1084 335.5215 0.02253626
person 224.3996 193.4797 247.999 244.6826 0.02081549
person 146.1505 215.4941 182.0253 294.6186 0.014263
person 0.5816 331.6901 33.2182 434.8266 0.01252673
person 585.6738 191.8721 607.552 239.0166 0.01082605
