person 466.9831 223.8469 517.9166 364.0603 0.84787261
person 130.2711 218.8332 166.8971 312.1993 0.82876652
person 543.9474 240.9444 586.8727 359.9914 0.82466894
person 396.3891 230.0672 429.0192 306.7189 0.79224402
person 100.8994 220.9582 137.9772 311.7013 0.76679993
person 422.1841 229.9354 450.9091 306.486 0.59016013
person 1.2927 210.9042 34.8093 298.8934 0.13023354
person 489.745 225.7631 521.2289 304.5792 0.12967137
person 547.2909 295.4484 576.5806 365.8348 0.05976369
person 327.6972 215.1364 350.875 265.1688 0.0401532
person 600.4873 212.5531 628.9291 270.2846 0.01860355
person 603.2448 306.318 633.231 366.4705 0.01649839
person 556.628 236.9554 584.4002 303.544 0.0146337
person 242.3348 216.1374 313.2968 268.2735 0.01382594
person 441.6367 215.807 494.0286 338.8341 0.01045457
