person 86.3501 212.3073 133.3266 334.8366 0.80733889
person 17.0538 220.9455 71.6149 363.8438 0.78998357
person 133.077 210.1365 178.4812 334.8792 0.75650078
person 170.6719 201.2711 219.8362 341.4747 0.69457144
person 220.9004 213.1973 251.2424 290.9224 0.37075108
person 242.8254 211.2592 266.8343 270.4192 0.18003134
person 278.1138 215.014 356.5966 265.0717 0.15877323
person 0.0 214.1926 27.6622 345.6834 0.10351641
person 194.992 260.6566 227.5041 334.9678 0.06849854
person 614.297 303.3926 638.9998 375.2097 0.04241997
person 296.5354 211.206 317.3556 256.0462 0.03675935
person 329.2987 216.4756 348.895 255.57 0.03659659
person 306.978 212.0524 327.1368 255.1274 0.03532265
person 267.5227 211.2532 420.9064 280.6035 0.01999222
person 134.2646 267.4906 165.3736 341.4241 0.01865176
person 255.6235 211.7702 286.3259 283.6075 0.01698559
person 54.9891 208.5637 109.7485 334.667 0.01346668
person 174.8264 253.1361 205.4398 337.8592 0.01292099
