person 124.9088 216.8059 169.1407 325.8071 0.84536213
person 165.2838 211.6512 209.345 321.5094 0.81218225
person 421.4794 221.7804 450.6302 292.3627 0.71641129
person 458.0075 234.7498 483.8812 296.9886 0.4081009
person 228.9417 211.9902 251.8826 264.9195 0.24090107
person 242.8137 212.9956 264.7892 264.803 0.22023779
person 402.2727 222.8046 424.5452 272.429 0.16512686
person 386.4668 223.698 407.9347 271.0694 0.04760264
person 493.1742 220.3898 522.7255 292.4632 0.03680576
person 529.9562 182.0552 553.8416 236.7369 0.0206083
person 562.3315 261.2148 584.5542 303.1373 0.01978268
person 495.1786 185.5442 528.1454 256.5701 0.01167521
