person 511.2089 202.8622 532.6566 252.6026 0.25428006
person 460.6195 197.907 483.3501 249.016 0.1753224
person 521.0092 203.6177 542.3678 253.9232 0.15576892
person 423.209 199.9589 444.7186 237.8 0.07825745
person 340.4856 203.0134 362.7218 247.4092 0.06856431
person 74.9389 281.6722 114.291 374.3006 0.06475346
person 382.9116 201.6628 406.0163 250.311 0.06177679
person 470.8792 199.3864 492.8556 245.8905 0.01297774
person 327.4815 194.595 524.7844 253.2262 0.01229527
person 514.8924 81.8331 545.4292 146.821 0.01148798
