person 102.1215 218.2773 134.3113 296.8678 0.80208802
person 129.7675 225.9953 160.0654 294.3153 0.77821112
person 392.2058 223.4451 421.8884 293.0842 0.74460214
person 363.6544 224.7938 392.709 291.06 0.38436437
person 256.3656 217.7538 279.6882 274.7454 0.14719813
person 232.0617 217.5578 255.5322 273.8042 0.09098955
person 26.8421 174.0892 59.5917 249.72 0.03888398
person 402.5314 65.5012 441.947 152.923 0.0349517
person 65.7247 47.9859 98.3292 116.9193 0.01296059
person 224.4167 215.2546 336.9572 274.5881 0.01228741
