person 414.8562 212.7219 455.281 328.2652 0.83497834
person 391.9838 214.3388 431.4762 326.5032 0.57691568
person 309.711 216.8588 339.1952 284.6009 0.36078286
person 553.1466 227.7881 576.966 283.0656 0.09589358
person 574.4311 229.7279 600.136 281.7503 0.08743073
person 511.8948 232.9595 542.6032 299.0159 0.06394903
person 521.4785 226.6032 596.484 285.7169 0.03923754
person 347.7801 217.4853 366.9066 251.4941 0.01984509
person 536.2574 233.1694 558.0099 277.03 0.01488589
person 503.325 256.5535 544.2774 348.2006 0.01412592
person 322.8989 217.9116 346.7676 269.2097 0.01392528
person 300.7449 216.8839 326.3668 272.6638 0.01337676
person 396.0892 215.9908 419.8926 278.8148 0.01176658
