person 379.042 224.394 427.9282 354.9702 0.82573414
person 329.8866 231.7866 377.1225 358.0744 0.73892629
person 311.4488 222.5239 334.3706 268.0252 0.11646534
person 388.6475 201.5722 417.7101 261.736 0.06846699
person 588.8772 276.0521 622.2806 349.3295 0.0565374
person 376.9363 279.412 408.5517 349.4442 0.03584401
person 528.9942 254.406 553.1781 301.6453 0.0224701
person 396.4978 274.6836 426.5224 351.1546 0.01312208
person 340.9908 226.5384 370.4469 285.4424 0.01274778
person 421.4766 149.9946 457.5175 236.2924 0.0118435
