person 507.089 226.8867 582.343 438.4564 0.79472065
person 483.5471 237.0342 528.427 381.703 0.48805717
person 358.8435 200.6351 383.2141 255.3845 0.10189757
person 367.5464 202.7308 431.516 265.152 0.09179838
person 267.0544 195.7387 448.4048 262.0226 0.03195622
person 316.5839 233.5508 352.6378 310.8433 0.02904573
person 247.8523 201.4278 276.2048 264.18 0.02856191
person 486.7354 231.7536 518.3131 312.0878 0.02778056
person 499.7068 237.4789 533.6886 328.527 0.01628767
person 262.1328 195.9344 333.2431 249.5081 0.01587714
