person 537.3556 208.1906 560.8542 260.0874 0.27132994
person 588.0552 213.9999 617.2398 270.9405 0.13526778
person 468.5395 281.8856 500.2073 358.0534 0.05406309
person 394.617 245.9264 426.8116 308.9628 0.03809233
person 570.8485 213.8042 601.7523 267.8175 0.03533415
person 552.876 212.1211 629.445 270.5234 0.02233941
person 523.2556 214.7854 545.6208 259.6439 0.01534625
person 183.6718 220.9522 210.8224 273.106 0.01530236
person 537.8942 180.1275 572.1234 253.6014 0.01180068
person 425.7898 217.545 460.6802 298.24 0.01101247
