person 4.9948 186.4504 39.4684 254.1528 0.06639583
person 256.6126 393.206 282.8571 438.2116 0.04835802
person 104.661 290.4224 139.2651 362.5661 0.02596889
person 433.7422 210.9966 454.5892 246.7256 0.02127195
person 19.8782 215.2062 219.6396 279.827 0.01839437
person 396.3738 213.4364 415.7793 245.4511 0.01610047
person 475.0292 245.5162 508.6221 325.5258 0.0157884
person 381.478 207.103 461.4612 252.4536 0.01317203
person 266.0332 380.4087 295.6464 436.3077 0.01244564
person 154.6806 272.1014 188.7059 340.9929 0.01112068
person 480.0054 289.1319 506.9222 336.5393 0.01055914
