person 162.2071 216.2469 196.7515 298.4744 0.61837441
person 135.1859 218.8572 172.3482 308.4811 0.27529025
person 234.178 217.5534 325.7657 277.0458 0.07277536
person 271.5513 217.313 291.9279 263.1335 0.06167175
person 5.9624 209.4746 39.9722 280.5589 0.04553642
person 288.591 218.6669 312.3494 263.9446 0.03144597
person 297.0705 219.1565 324.6173 274.0347 0.02286534
person 163.9791 221.1523 334.3299 297.1717 0.01388383
person 135.6716 157.5453 168.8782 221.7286 0.01274735
person 96.9357 204.7122 452.4224 290.8394 0.01143777
person 250.5446 215.6978 272.0087 260.0254 0.01053281
