person 502.819 236.401 577.6981 448.0776 0.88825274
person 570.2828 240.1826 637.9422 503.327 0.49987757
person 205.72 190.9461 235.0743 261.3984 0.14014599
person 334.2445 190.9592 359.3642 246.7469 0.06554781
person 344.9222 193.5338 410.162 250.6389 0.06393006
person 566.3416 281.7604 607.1732 407.6246 0.02694761
person 199.8997 231.0313 239.6732 312.685 0.02447263
person 225.9421 181.8224 399.3678 250.2498 0.02106716
person 283.1667 233.4156 320.6705 318.5617 0.01361546
person 604.3308 242.1988 638.6338 332.104 0.01165292
person 511.962 96.0247 552.0055 186.1452 0.01158167
person 367.6734 193.4124 390.7905 237.8732 0.01078924
person 217.8287 190.422 290.9551 246.0034 0.01000511
