person 522.8138 245.4089 577.9671 397.7474 0.79683065
person 50.6824 225.8236 93.9937 336.5501 0.77840549
person 13.8876 216.7936 60.1045 338.2894 0.74620938
person 193.152 204.5734 233.1222 311.5254 0.72551829
person 476.9982 242.4585 532.9022 395.6178 0.69215059
person 161.3625 211.9528 196.439 306.684 0.64586079
person 123.2114 217.1158 161.8517 315.6506 0.62143809
person 233.9183 213.951 256.5867 268.4703 0.33610305
person 214.1136 213.639 237.4658 279.7701 0.07575534
person 261.2164 218.3806 351.1582 276.2564 0.07488618
person 530.4977 291.1478 563.3861 386.663 0.03542686
person 306.8974 219.9187 326.2258 257.2813 0.03285006
person 66.1347 219.2148 121.6073 345.909 0.01715379
person 491.5457 248.3742 529.7279 333.1923 0.01624597
person 272.3864 213.0078 409.9205 293.7093 0.01198963
