person 587.0902 212.9167 610.8376 269.4602 0.20844419
person 436.1284 205.8442 456.1212 240.7513 0.11827035
person 402.0798 202.5041 423.0612 244.2826 0.1028531
person 273.0867 311.3058 296.6653 354.4256 0.07126191
person 431.5154 329.7588 460.8572 396.9854 0.05644274
person 19.82 210.5374 42.8986 256.984 0.03721351
person 348.2896 308.9969 374.0682 358.8556 0.03208218
person 7.0965 203.8848 52.2328 267.2298 0.02805552
person 0.0 221.8636 203.8479 284.1487 0.0252462
person 325.3672 307.9102 351.4479 354.1612 0.0223163
person 343.8696 199.9015 473.7584 254.3465 0.01673272
person 448.2716 206.8302 469.1208 245.9388 0.01647125
person 366.8631 207.6792 388.8075 246.871 0.01413876
person 549.7288 395.8176 577.1687 456.1848 0.01289537
person 456.84 295.0732 483.4951 346.279 0.01276478
person 212.3947 258.4736 236.5869 307.5644 0.01153756
