person 417.8751 217.1047 452.2635 294.4428 0.79597783
person 522.1519 214.9064 548.4608 278.1367 0.44473964
person 508.1267 216.4486 534.5012 276.7503 0.4348079
person 157.4602 214.6735 184.2586 275.3486 0.24220639
person 39.037 200.624 66.0168 256.8673 0.09803558
person 329.2738 213.9322 354.5516 262.9472 0.04232567
person 127.5405 212.126 157.2872 267.6052 0.01903418
person 458.28 212.5179 479.7187 251.9918 0.01537949
person 280.3018 209.3024 341.4994 260.2073 0.01337377
person 388.3518 233.9906 415.4238 281.537 0.01125645
person 386.9797 56.6694 421.3588 129.6292 0.01101557
person 229.1919 209.3185 248.4803 241.5598 0.01070656
