person 57.7576 211.5885 114.6286 364.3934 0.77745056
person 100.7008 213.7374 156.1857 361.6233 0.70132643
person 249.0958 212.302 327.4982 263.3689 0.07842477
person 240.5821 211.4963 265.0801 261.8528 0.05117381
person 108.5056 210.5708 142.4862 287.83 0.03510005
person 230.5392 209.6952 387.8399 276.6532 0.02744784
person 321.4382 214.728 344.918 264.2053 0.02524999
person 369.6944 234.3524 393.4142 279.2467 0.02338549
person 298.4927 212.0723 321.8711 259.981 0.02104312
person 144.1693 221.6761 168.1528 263.2605 0.01378638
