person 393.4428 231.5358 421.8935 290.569 0.63978887
person 288.0547 219.9928 318.7063 287.0798 0.48977256
person 324.239 224.8366 350.2691 282.1694 0.28573903
person 269.3099 171.2415 298.5577 235.1586 0.07282406
person 127.5435 216.603 157.3122 284.7447 0.02087397
person 212.4006 170.899 249.2862 255.8437 0.01935071
person 111.326 212.2366 140.8747 293.7961 0.01522337
person 502.1294 264.8356 535.6238 337.684 0.01260621
person 86.0042 214.5011 121.322 302.4962 0.01123169
person 408.4888 126.2727 435.3319 187.8402 0.01088264
