person 184.619 219.2123 219.3886 301.5614 0.83312631
person 532.7878 246.535 581.6372 387.7202 0.81938195
person 224.0965 213.9546 259.8402 299.3169 0.77678651
person 494.8916 239.0361 542.813 381.2772 0.77622861
person 422.0658 222.2812 447.48 279.1109 0.46279165
person 455.3368 226.186 478.1488 275.1977 0.25438952
person 263.1233 214.502 286.3755 263.5314 0.16120414
person 493.0109 299.8098 526.6926 388.2453 0.07686871
person 556.5964 214.3514 588.581 284.8178 0.04587555
person 516.145 260.2382 558.7979 386.7576 0.03211691
person 166.8467 156.1752 199.1541 226.1718 0.0132869
person 167.1698 103.7296 206.4619 198.4119 0.01227774
person 480.8094 217.8124 503.1074 263.9736 0.01160939
person 507.8008 310.5895 537.227 382.9606 0.01024061
