person 306.6216 221.0917 333.9532 279.2514 0.12843105
person 388.9719 216.423 412.9929 257.6278 0.05910324
person 92.6001 220.9874 120.2736 276.4059 0.03427165
person 271.024 296.5664 305.0141 369.8873 0.02989619
person 114.895 215.6138 169.563 266.4035 0.02205829
person 297.0058 296.3764 322.2664 347.7608 0.01638972
person 70.7049 290.6922 106.6621 373.9254 0.01362485
person 231.2082 299.0207 255.7742 344.4902 0.01286717
person 556.2522 129.6643 580.2778 169.5259 0.01058147
person 189.0271 219.8366 221.6766 285.3954 0.01035883
