person 564.9942 231.123 633.8075 443.6844 0.71495926
person 418.4458 224.4125 445.9259 281.1834 0.53411609
person 326.8666 217.4958 354.9322 277.209 0.53073919
person 359.3783 221.4602 383.217 271.2279 0.26379943
person 598.1398 234.216 639.0 396.0871 0.11077651
person 254.5617 179.6702 288.6488 249.9797 0.07007196
person 302.0527 174.8836 331.5438 235.6238 0.05552171
person 559.8498 247.8162 599.6615 361.2958 0.04735737
person 189.6766 217.7472 216.3102 285.7605 0.03455078
person 168.1112 213.9776 197.9723 291.6376 0.02643819
person 200.1063 216.6866 229.6129 292.9664 0.02073731
