person 43.4491 224.3886 111.4688 403.9931 0.76525128
person 357.0394 216.3327 390.8684 296.0254 0.67642993
person 2.4176 210.9944 50.1655 398.1767 0.48417279
person 243.0594 213.07 324.655 263.802 0.04276463
person 19.4794 222.1591 79.018 397.272 0.03608608
person 423.553 191.4564 451.9543 247.1534 0.0151464
person 219.0534 210.8532 377.3094 279.0347 0.01394812
person 305.7617 208.6641 328.1748 254.1456 0.012938
person 274.0451 212.7235 295.7374 253.4202 0.01281146
person 391.2492 239.4142 416.5423 291.4907 0.01050678
person 134.8381 218.0866 158.6751 260.2262 0.01041038
